   0.0000000e+00  -4.5653915e-02  -1.0256724e+00  -5.0565218e-02  -5.3998458e-01
   1.0000000e-01  -3.8866935e-02  -1.0294150e+00  -5.1986684e-02  -5.3959327e-01
   2.0000000e-01  -6.0296428e-02  -1.0288543e+00  -4.5455147e-02  -5.4318380e-01
   3.0000000e-01  -4.3954805e-02  -1.0297854e+00  -5.2543222e-02  -5.3663356e-01
   4.0000000e-01  -4.6800083e-02  -1.0280732e+00  -5.4037927e-02  -5.4486978e-01
   5.0000000e-01  -5.5316174e-02  -1.0298445e+00  -4.5573746e-02  -5.4458936e-01
   6.0000000e-01  -5.0739416e-02  -1.0157824e+00  -5.0686202e-02  -5.3662164e-01
   7.0000000e-01  -4.6675156e-02  -1.0364855e+00  -4.6575868e-02  -5.3158877e-01
   8.0000000e-01  -2.9732691e-02  -1.0400859e+00  -5.0311621e-02  -5.4244266e-01
   9.0000000e-01  -3.3968396e-02  -1.0363494e+00  -4.7057822e-02  -5.4306408e-01
   1.0000000e+00  -5.5537125e-02  -1.0361016e+00  -6.1896559e-02  -5.3828283e-01
   1.1000000e+00  -3.2578312e-02  -1.0326472e+00  -4.6029875e-02  -5.3480466e-01
   1.2000000e+00  -4.4670926e-02  -1.0312589e+00  -3.8763912e-02  -5.3535115e-01
   1.3000000e+00  -4.8799289e-02  -1.0315211e+00  -4.3027428e-02  -5.3900502e-01
   1.4000000e+00  -4.4726749e-02  -1.0275424e+00  -4.3699691e-02  -5.4374125e-01
   1.5000000e+00  -4.9542334e-02  -1.0283386e+00  -4.9724364e-02  -5.3712207e-01
   1.6000000e+00  -4.9119152e-02  -1.0264434e+00  -4.7521430e-02  -5.4083437e-01
   1.7000000e+00  -4.0669095e-02  -1.0210659e+00  -4.7190246e-02  -5.3320981e-01
   1.8000000e+00  -4.1091447e-02  -1.0239729e+00  -4.7964422e-02  -5.4779288e-01
   1.9000000e+00  -4.1048732e-02  -1.0370959e+00  -5.2817457e-02  -5.3968001e-01
   2.0000000e+00  -4.4953183e-02  -1.0425712e+00  -5.0313522e-02  -5.3366655e-01
   2.1000000e+00  -5.4791521e-02  -1.0256543e+00  -4.9384254e-02  -5.4301098e-01
   2.2000000e+00  -4.4713681e-02  -1.0399882e+00  -5.0985829e-02  -5.4369107e-01
   2.3000000e+00  -3.9933242e-02  -1.0300273e+00  -4.4087467e-02  -5.4530800e-01
   2.4000000e+00  -4.5909292e-02  -1.0301911e+00  -3.5178368e-02  -5.4187890e-01
   2.5000000e+00  -4.3051494e-02  -1.0187154e+00  -5.5398096e-02  -5.4146945e-01
   2.6000000e+00  -4.4663173e-02  -1.0307392e+00  -4.7797146e-02  -5.3970352e-01
   2.7000000e+00  -5.0057947e-02  -1.0330332e+00  -5.6021413e-02  -5.4504471e-01
   2.8000000e+00  -4.6930427e-02  -1.0291421e+00  -4.1649218e-02  -5.3998733e-01
   2.9000000e+00  -5.2591341e-02  -1.0290898e+00  -4.1086858e-02  -5.4358138e-01
   3.0000000e+00  -4.3817503e-02  -1.0300101e+00  -5.7174186e-02  -5.4235016e-01
   3.1000000e+00  -5.4475176e-02  -1.0335633e+00  -3.8292023e-02  -5.4480815e-01
   3.2000000e+00  -5.4065729e-02  -1.0367783e+00  -5.4148605e-02  -5.4189853e-01
   3.3000000e+00  -5.2707658e-02  -1.0287196e+00  -4.7281511e-02  -5.2172772e-01
   3.4000000e+00  -6.3885370e-02  -1.0374081e+00  -4.2715154e-02  -5.2257770e-01
   3.5000000e+00  -4.0937787e-02  -1.0357813e+00  -4.7698450e-02  -5.3441425e-01
   3.6000000e+00  -4.6766439e-02  -1.0234066e+00  -3.6449054e-02  -5.3629743e-01
   3.7000000e+00  -5.2421929e-02  -1.0325702e+00  -3.4056774e-02  -5.4711181e-01
   3.8000000e+00  -4.1294269e-02  -1.0311116e+00  -4.7744906e-02  -5.4348042e-01
   3.9000000e+00  -5.7430615e-02  -1.0256654e+00  -5.8454512e-02  -5.4366270e-01
   4.0000000e+00  -4.9004479e-02  -1.0319482e+00  -5.0380238e-02  -5.3761667e-01
   4.1000000e+00  -4.9733342e-02  -1.0249871e+00  -5.2909822e-02  -5.3789059e-01
   4.2000000e+00  -4.6797776e-02  -1.0321836e+00  -5.2473378e-02  -5.3985152e-01
   4.3000000e+00  -4.6831011e-02  -1.0250738e+00  -5.4373731e-02  -5.4220123e-01
   4.4000000e+00  -5.2997635e-02  -1.0270816e+00  -4.8059738e-02  -5.4526723e-01
   4.5000000e+00  -4.8626486e-02  -1.0314922e+00  -3.7438850e-02  -5.4039164e-01
   4.6000000e+00  -4.9332433e-02  -1.0349096e+00  -5.2217297e-02  -5.3445493e-01
   4.7000000e+00  -4.5182468e-02  -1.0358385e+00  -4.9937912e-02  -5.3818184e-01
   4.8000000e+00  -4.2744807e-02  -1.0317909e+00  -4.2361484e-02  -5.3947162e-01
   4.9000000e+00  -4.2660995e-02  -1.0326709e+00  -4.2118818e-02  -5.3697694e-01
   5.0000000e+00  -5.2991204e-02  -1.0325166e+00  -4.5926842e-02  -5.3736040e-01
   5.1000000e+00  -4.8064085e-02  -1.0252270e+00  -4.3096927e-02  -5.4888322e-01
   5.2000000e+00  -5.4826234e-02  -1.0319356e+00  -4.3910022e-02  -5.4032120e-01
   5.3000000e+00  -5.4299413e-02  -1.0243885e+00  -5.0468017e-02  -5.4264982e-01
   5.4000000e+00  -4.8504997e-02  -1.0331604e+00  -4.6223455e-02  -5.5106964e-01
   5.5000000e+00  -4.0444300e-02  -1.0252845e+00  -5.0035377e-02  -5.4737579e-01
   5.6000000e+00  -5.2499100e-02  -1.0331113e+00  -5.3180840e-02  -5.4209442e-01
   5.7000000e+00  -4.6524602e-02  -1.0294523e+00  -4.5145617e-02  -5.3609756e-01
   5.8000000e+00  -4.9650291e-02  -1.0252941e+00  -4.8115947e-02  -5.4162008e-01
   5.9000000e+00  -4.2618671e-02  -1.0325444e+00  -4.9448895e-02  -5.3904636e-01
   6.0000000e+00  -5.4171462e-02  -1.0326716e+00  -4.6941653e-02  -5.4512131e-01
   6.1000000e+00  -4.8298663e-02  -1.0198871e+00  -4.3297576e-02  -5.5171511e-01
   6.2000000e+00  -4.5576110e-02  -1.0253974e+00  -4.6411734e-02  -5.3992775e-01
   6.3000000e+00  -4.2706352e-02  -1.0326388e+00  -4.7450465e-02  -5.4539988e-01
   6.4000000e+00  -4.0383660e-02  -1.0269790e+00  -4.7004184e-02  -5.3427983e-01
   6.5000000e+00  -4.8019200e-02  -1.0322622e+00  -4.8200945e-02  -5.3133456e-01
   6.6000000e+00  -5.6279082e-02  -1.0266808e+00  -5.2524229e-02  -5.4236570e-01
   6.7000000e+00  -5.2355817e-02  -1.0229635e+00  -4.4349554e-02  -5.3417368e-01
   6.8000000e+00  -5.4027563e-02  -1.0387780e+00  -4.1092114e-02  -5.3542621e-01
   6.9000000e+00  -3.6162169e-02  -1.0249898e+00  -5.1265668e-02  -5.4782865e-01
   7.0000000e+00  -5.1692417e-02  -1.0227429e+00  -3.8375414e-02  -5.4059416e-01
   7.1000000e+00  -4.4552213e-02  -1.0301283e+00  -4.9391964e-02  -5.3905229e-01
   7.2000000e+00  -4.9476635e-02  -1.0212334e+00  -4.9745408e-02  -5.3768111e-01
   7.3000000e+00  -4.3816380e-02  -1.0295632e+00  -5.3168960e-02  -5.3687585e-01
   7.4000000e+00  -5.2473875e-02  -1.0368544e+00  -5.2617800e-02  -5.3688837e-01
   7.5000000e+00  -5.5811397e-02  -1.0418619e+00  -5.3458897e-02  -5.3686741e-01
   7.6000000e+00  -5.5916677e-02  -1.0321225e+00  -4.6616089e-02  -5.4205617e-01
   7.7000000e+00  -4.5912956e-02  -1.0266407e+00  -4.0107124e-02  -5.3843378e-01
   7.8000000e+00  -4.9397868e-02  -1.0287149e+00  -4.5707306e-02  -5.5221565e-01
   7.9000000e+00  -4.9495667e-02  -1.0282112e+00  -4.3996541e-02  -5.4653697e-01
   8.0000000e+00  -4.1037644e-02  -1.0333984e+00  -4.1443242e-02  -5.3412602e-01
   8.1000000e+00  -4.6942401e-02  -1.0296228e+00  -6.1556660e-02  -5.4387912e-01
   8.2000000e+00  -4.7433397e-02  -1.0389569e+00  -4.9346472e-02  -5.3870441e-01
   8.3000000e+00  -4.0155961e-02  -1.0343566e+00  -4.6620750e-02  -5.3252297e-01
   8.4000000e+00  -5.2681307e-02  -1.0346640e+00  -4.4713602e-02  -5.4507382e-01
   8.5000000e+00  -4.4821617e-02  -1.0276555e+00  -5.5301321e-02  -5.4544230e-01
   8.6000000e+00  -4.4096623e-02  -1.0304510e+00  -5.3735852e-02  -5.4299937e-01
   8.7000000e+00  -4.9745223e-02  -1.0364272e+00  -4.4329125e-02  -5.3811014e-01
   8.8000000e+00  -4.7339888e-02  -1.0304267e+00  -4.9079500e-02  -5.4149165e-01
   8.9000000e+00  -5.4573478e-02  -1.0339887e+00  -4.5573162e-02  -5.4553929e-01
   9.0000000e+00  -5.4479800e-02  -1.0338677e+00  -5.3499058e-02  -5.4865543e-01
   9.1000000e+00  -4.7920011e-02  -1.0258522e+00  -5.7023704e-02  -5.4235818e-01
   9.2000000e+00  -4.4687421e-02  -1.0297830e+00  -4.4483499e-02  -5.4157741e-01
   9.3000000e+00  -3.4931534e-02  -1.0282910e+00  -4.2220993e-02  -5.4322187e-01
   9.4000000e+00  -5.1960965e-02  -1.0257484e+00  -3.9923702e-02  -5.4179119e-01
   9.5000000e+00  -4.7488271e-02  -1.0294330e+00  -5.6491660e-02  -5.4615508e-01
   9.6000000e+00  -4.8901074e-02  -1.0274926e+00  -5.5468877e-02  -5.3754372e-01
   9.7000000e+00  -5.8590419e-02  -1.0268008e+00  -5.6186176e-02  -5.5180579e-01
   9.8000000e+00  -5.0767555e-02  -1.0242475e+00  -4.8687281e-02  -5.3966230e-01
   9.9000000e+00  -5.7866050e-02  -1.0278852e+00  -5.1691922e-02  -5.3691645e-01
   1.0000000e+01  -4.4068938e-02  -1.0229824e+00  -4.1588235e-02  -5.4486396e-01
   1.0100000e+01  -5.3118859e-02  -1.0302584e+00  -5.6087844e-02  -5.4071843e-01
   1.0200000e+01  -4.7945049e-02  -1.0306275e+00  -5.7592053e-02  -5.3889171e-01
   1.0300000e+01  -5.1320280e-02  -1.0214687e+00  -4.7394161e-02  -5.4363764e-01
   1.0400000e+01  -4.6879903e-02  -1.0330457e+00  -4.2222965e-02  -5.4049094e-01
   1.0500000e+01  -5.1612436e-02  -1.0303918e+00  -5.2672706e-02  -5.3826168e-01
   1.0600000e+01  -4.5903681e-02  -1.0255604e+00  -5.5095990e-02  -5.4532640e-01
   1.0700000e+01  -4.4597837e-02  -1.0295924e+00  -4.9251031e-02  -5.3604662e-01
   1.0800000e+01  -3.9505710e-02  -1.0230206e+00  -5.7037548e-02  -5.3468851e-01
   1.0900000e+01  -4.9485562e-02  -1.0249622e+00  -4.8378319e-02  -5.3873780e-01
   1.1000000e+01  -5.9665536e-02  -1.0288502e+00  -4.4131708e-02  -5.4034037e-01
   1.1100000e+01  -5.2865210e-02  -1.0344488e+00  -4.7329058e-02  -5.4651677e-01
   1.1200000e+01  -4.1376495e-02  -1.0274096e+00  -5.8465917e-02  -5.3782852e-01
   1.1300000e+01  -5.4082926e-02  -1.0376162e+00  -5.1279926e-02  -5.4678567e-01
   1.1400000e+01  -4.3437591e-02  -1.0290968e+00  -5.0050571e-02  -5.3209016e-01
   1.1500000e+01  -4.7819611e-02  -1.0261439e+00  -3.8973240e-02  -5.3766288e-01
   1.1600000e+01  -4.0946608e-02  -1.0292613e+00  -4.3678981e-02  -5.3903291e-01
   1.1700000e+01  -5.8736382e-02  -1.0257708e+00  -4.8768008e-02  -5.4248037e-01
   1.1800000e+01  -4.9504280e-02  -1.0197013e+00  -4.1613330e-02  -5.5181463e-01
   1.1900000e+01  -5.4793398e-02  -1.0255391e+00  -5.3939358e-02  -5.4667993e-01
   1.2000000e+01  -3.3242839e-02  -1.0289792e+00  -5.0292654e-02  -5.3850665e-01
   1.2100000e+01  -4.4148298e-02  -1.0270171e+00  -4.1072981e-02  -5.2778798e-01
   1.2200000e+01  -4.1248854e-02  -1.0281490e+00  -4.0602676e-02  -5.3654357e-01
   1.2300000e+01  -5.4009752e-02  -1.0372607e+00  -4.4644894e-02  -5.3879767e-01
   1.2400000e+01  -5.0922800e-02  -1.0325571e+00  -4.5899561e-02  -5.4325734e-01
   1.2500000e+01  -4.9895780e-02  -1.0239644e+00  -5.1538083e-02  -5.3977923e-01
   1.2600000e+01  -4.2717796e-02  -1.0306050e+00  -4.4568848e-02  -5.3538102e-01
   1.2700000e+01  -4.9924068e-02  -1.0273273e+00  -5.2805343e-02  -5.4174931e-01
   1.2800000e+01  -4.4795872e-02  -1.0356468e+00  -4.5460951e-02  -5.3051429e-01
   1.2900000e+01  -5.9212419e-02  -1.0300390e+00  -4.6993416e-02  -5.4680874e-01
   1.3000000e+01  -5.0321888e-02  -1.0272337e+00  -4.2503740e-02  -5.4238948e-01
   1.3100000e+01  -5.2781423e-02  -1.0375057e+00  -5.0698972e-02  -5.4014498e-01
   1.3200000e+01  -5.6726585e-02  -1.0285568e+00  -4.5138313e-02  -5.5065027e-01
   1.3300000e+01  -4.5809385e-02  -1.0313290e+00  -4.4316063e-02  -5.3745897e-01
   1.3400000e+01  -4.6992669e-02  -1.0352962e+00  -5.3173025e-02  -5.4001217e-01
   1.3500000e+01  -4.8293834e-02  -1.0305733e+00  -4.7651038e-02  -5.3999695e-01
   1.3600000e+01  -5.5452255e-02  -1.0403059e+00  -4.0105932e-02  -5.3625842e-01
   1.3700000e+01  -4.2565598e-02  -1.0415189e+00  -4.7880401e-02  -5.3495476e-01
   1.3800000e+01  -4.6635599e-02  -1.0365392e+00  -5.0085091e-02  -5.3621927e-01
   1.3900000e+01  -5.0035040e-02  -1.0355632e+00  -4.6078069e-02  -5.4287426e-01
   1.4000000e+01  -4.8349283e-02  -1.0365188e+00  -4.9909558e-02  -5.4066346e-01
   1.4100000e+01  -4.9840938e-02  -1.0394111e+00  -4.6148839e-02  -5.3856883e-01
   1.4200000e+01  -5.7633225e-02  -1.0288677e+00  -4.9174763e-02  -5.4700009e-01
   1.4300000e+01  -4.9964799e-02  -1.0387240e+00  -4.8565100e-02  -5.4584415e-01
   1.4400000e+01  -5.2822159e-02  -1.0297997e+00  -4.6056446e-02  -5.4265507e-01
   1.4500000e+01  -5.3596246e-02  -1.0262558e+00  -4.1336067e-02  -5.4001283e-01
   1.4600000e+01  -5.4524039e-02  -1.0303885e+00  -4.6103124e-02  -5.3104221e-01
   1.4700000e+01  -5.1262832e-02  -1.0298893e+00  -3.9838217e-02  -5.3624504e-01
   1.4800000e+01  -5.8954910e-02  -1.0323569e+00  -5.9089613e-02  -5.4273643e-01
   1.4900000e+01  -4.3420440e-02  -1.0381401e+00  -5.0821437e-02  -5.4371341e-01
   1.5000000e+01  -4.5746106e-02  -1.0306063e+00  -4.7233477e-02  -5.3238856e-01
   1.5100000e+01  -4.8574000e-02  -1.0253460e+00  -5.2842090e-02  -5.2610672e-01
   1.5200000e+01  -4.8651195e-02  -1.0212754e+00  -5.5150019e-02  -5.3954279e-01
   1.5300000e+01  -5.2648308e-02  -1.0326294e+00  -4.5238345e-02  -5.4292683e-01
   1.5400000e+01  -4.3135310e-02  -1.0388975e+00  -4.5261036e-02  -5.4781614e-01
   1.5500000e+01  -4.9166659e-02  -1.0295058e+00  -4.6953938e-02  -5.3531448e-01
   1.5600000e+01  -5.2210405e-02  -1.0284067e+00  -4.6399263e-02  -5.3890253e-01
   1.5700000e+01  -4.1393294e-02  -1.0315651e+00  -5.3027390e-02  -5.3431743e-01
   1.5800000e+01  -4.9646032e-02  -1.0363925e+00  -5.1075024e-02  -5.4517747e-01
   1.5900000e+01  -5.1553283e-02  -1.0197774e+00  -4.9027666e-02  -5.3915985e-01
   1.6000000e+01  -5.0007224e-02  -1.0427313e+00  -5.2070599e-02  -5.4384408e-01
   1.6100000e+01  -5.2908865e-02  -1.0330470e+00  -4.6731409e-02  -5.3374385e-01
   1.6200000e+01  -5.4334112e-02  -1.0372968e+00  -3.6084846e-02  -5.4330553e-01
   1.6300000e+01  -3.5243031e-02  -1.0337076e+00  -5.0994088e-02  -5.4087717e-01
   1.6400000e+01  -3.9800969e-02  -1.0287126e+00  -4.5079103e-02  -5.4224068e-01
   1.6500000e+01  -4.6858883e-02  -1.0296540e+00  -5.3885369e-02  -5.3521512e-01
   1.6600000e+01  -5.5051390e-02  -1.0340982e+00  -4.1455242e-02  -5.3817622e-01
   1.6700000e+01  -5.3000714e-02  -1.0263084e+00  -5.3543541e-02  -5.4567740e-01
   1.6800000e+01  -4.9393465e-02  -1.0271180e+00  -4.7376302e-02  -5.4373225e-01
   1.6900000e+01  -4.4325289e-02  -1.0269871e+00  -5.1708081e-02  -5.4589483e-01
   1.7000000e+01  -5.5443493e-02  -1.0326054e+00  -4.5788226e-02  -5.3777162e-01
   1.7100000e+01  -6.0668290e-02  -1.0248865e+00  -4.8409683e-02  -5.3868140e-01
   1.7200000e+01  -5.6056590e-02  -1.0269174e+00  -4.8699458e-02  -5.4898250e-01
   1.7300000e+01  -4.6722875e-02  -1.0172409e+00  -3.3027722e-02  -5.5040369e-01
   1.7400000e+01  -4.6420011e-02  -1.0248086e+00  -5.1768048e-02  -5.4063103e-01
   1.7500000e+01  -4.6104146e-02  -1.0243192e+00  -4.8714594e-02  -5.3676901e-01
   1.7600000e+01  -4.9151302e-02  -1.0300994e+00  -3.4420845e-02  -5.3953565e-01
   1.7700000e+01  -4.7507340e-02  -1.0371228e+00  -5.4473192e-02  -5.4850280e-01
   1.7800000e+01  -5.0962265e-02  -1.0323205e+00  -4.5573639e-02  -5.4854472e-01
   1.7900000e+01  -4.3955599e-02  -1.0343446e+00  -5.4105457e-02  -5.3587949e-01
   1.8000000e+01  -5.5598950e-02  -1.0333298e+00  -4.3072718e-02  -5.4118067e-01
   1.8100000e+01  -4.6086605e-02  -1.0274701e+00  -4.6754192e-02  -5.4244186e-01
   1.8200000e+01  -5.2912966e-02  -1.0332921e+00  -4.5054616e-02  -5.3352787e-01
   1.8300000e+01  -5.0222598e-02  -1.0350636e+00  -4.9929248e-02  -5.4458978e-01
   1.8400000e+01  -4.5574767e-02  -1.0325201e+00  -4.7185313e-02  -5.3971033e-01
   1.8500000e+01  -4.3028468e-02  -1.0312192e+00  -4.0759071e-02  -5.3823187e-01
   1.8600000e+01  -5.4321076e-02  -1.0282336e+00  -6.0381537e-02  -5.3612662e-01
   1.8700000e+01  -4.1868341e-02  -1.0353648e+00  -5.7021024e-02  -5.4489289e-01
   1.8800000e+01  -4.5012632e-02  -1.0287154e+00  -4.6293743e-02  -5.3854859e-01
   1.8900000e+01  -4.8824477e-02  -1.0299683e+00  -5.1897495e-02  -5.2602856e-01
   1.9000000e+01  -4.9491309e-02  -1.0234424e+00  -5.0020810e-02  -5.4834143e-01
   1.9100000e+01  -4.9608518e-02  -1.0314930e+00  -5.6306983e-02  -5.3814719e-01
   1.9200000e+01  -5.0056202e-02  -1.0310810e+00  -5.3206836e-02  -5.4162256e-01
   1.9300000e+01  -4.8348468e-02  -1.0365100e+00  -5.0585424e-02  -5.4475012e-01
   1.9400000e+01  -4.8200578e-02  -1.0376300e+00  -5.2269404e-02  -5.4477575e-01
   1.9500000e+01  -4.4143879e-02  -1.0287510e+00  -5.3006039e-02  -5.3781251e-01
   1.9600000e+01  -4.0473902e-02  -1.0316831e+00  -5.0677918e-02  -5.2829491e-01
   1.9700000e+01  -4.6024375e-02  -1.0277392e+00  -5.3404923e-02  -5.4457596e-01
   1.9800000e+01  -4.9567190e-02  -1.0350508e+00  -4.1443047e-02  -5.3758704e-01
   1.9900000e+01  -4.5195645e-02  -1.0203839e+00  -5.3644566e-02  -5.4334674e-01
   2.0000000e+01  -4.7509758e-02  -1.0297368e+00  -3.8950408e-02  -5.3007023e-01
   2.0100000e+01  -5.3860984e-02  -1.0248946e+00  -5.0429680e-02  -5.3756767e-01
   2.0200000e+01  -4.3499020e-02  -1.0315650e+00  -5.6070430e-02  -5.4114157e-01
   2.0300000e+01  -4.6861361e-02  -1.0312277e+00  -5.1708544e-02  -5.3717384e-01
   2.0400000e+01  -4.7761359e-02  -1.0267637e+00  -4.3576098e-02  -5.4044873e-01
   2.0500000e+01  -4.5771311e-02  -1.0274669e+00  -4.2940301e-02  -5.3462222e-01
   2.0600000e+01  -4.7100413e-02  -1.0362425e+00  -4.7630186e-02  -5.4139125e-01
   2.0700000e+01  -5.3398742e-02  -1.0384020e+00  -4.6964310e-02  -5.4629123e-01
   2.0800000e+01  -4.9319132e-02  -1.0361252e+00  -4.5155248e-02  -5.3912910e-01
   2.0900000e+01  -4.9233874e-02  -1.0377898e+00  -5.6108660e-02  -5.3224593e-01
   2.1000000e+01  -5.1254739e-02  -1.0300649e+00  -5.1514959e-02  -5.4668500e-01
   2.1100000e+01  -3.9661660e-02  -1.0325301e+00  -5.8051773e-02  -5.4168842e-01
   2.1200000e+01  -5.3054442e-02  -1.0323037e+00  -5.0820632e-02  -5.3515823e-01
   2.1300000e+01  -5.1002383e-02  -1.0375028e+00  -4.3498743e-02  -5.5047326e-01
   2.1400000e+01  -5.2197181e-02  -1.0262950e+00  -4.4712619e-02  -5.3714467e-01
   2.1500000e+01  -5.4617296e-02  -1.0280761e+00  -3.6490092e-02  -5.3647701e-01
   2.1600000e+01  -4.9475697e-02  -1.0308461e+00  -4.7596150e-02  -5.3930170e-01
   2.1700000e+01  -4.9904162e-02  -1.0250299e+00  -5.9760493e-02  -5.4445244e-01
   2.1800000e+01  -4.0457693e-02  -1.0349530e+00  -3.9623460e-02  -5.4045686e-01
   2.1900000e+01  -4.9773024e-02  -1.0282055e+00  -4.1755127e-02  -5.3993158e-01
   2.2000000e+01  -5.4041342e-02  -1.0285524e+00  -5.1519782e-02  -5.3552254e-01
   2.2100000e+01  -4.0073451e-02  -1.0285481e+00  -4.7303527e-02  -5.3694533e-01
   2.2200000e+01  -4.2004369e-02  -1.0341952e+00  -4.4387935e-02  -5.4225332e-01
   2.2300000e+01  -4.9671455e-02  -1.0286655e+00  -4.6454812e-02  -5.3193784e-01
   2.2400000e+01  -5.6355367e-02  -1.0330727e+00  -4.4822965e-02  -5.4068566e-01
   2.2500000e+01  -5.0797200e-02  -1.0350706e+00  -4.9059311e-02  -5.4467477e-01
   2.2600000e+01  -4.9285639e-02  -1.0366771e+00  -4.8672414e-02  -5.4271506e-01
   2.2700000e+01  -4.7023644e-02  -1.0249428e+00  -4.8007903e-02  -5.3592383e-01
   2.2800000e+01  -4.9836584e-02  -1.0348062e+00  -5.2603763e-02  -5.3939735e-01
   2.2900000e+01  -4.6147382e-02  -1.0312822e+00  -4.1018529e-02  -5.3576543e-01
   2.3000000e+01  -4.6417180e-02  -1.0367053e+00  -4.8435981e-02  -5.4005705e-01
   2.3100000e+01  -5.5017674e-02  -1.0319326e+00  -4.4874729e-02  -5.2739853e-01
   2.3200000e+01  -5.3432646e-02  -1.0472997e+00  -5.2945556e-02  -5.4914079e-01
   2.3300000e+01  -5.2349557e-02  -1.0360681e+00  -5.4099053e-02  -5.4259729e-01
   2.3400000e+01  -5.1128061e-02  -1.0378456e+00  -4.8945438e-02  -5.4086050e-01
   2.3500000e+01  -5.0147663e-02  -1.0356885e+00  -4.9792644e-02  -5.3995218e-01
   2.3600000e+01  -4.8403846e-02  -1.0314935e+00  -4.2213051e-02  -5.3279513e-01
   2.3700000e+01  -6.4329869e-02  -1.0320803e+00  -4.5295791e-02  -5.3927045e-01
   2.3800000e+01  -5.0862057e-02  -1.0201960e+00  -4.5639007e-02  -5.4102100e-01
   2.3900000e+01  -4.1963689e-02  -1.0333706e+00  -5.6034819e-02  -5.4006030e-01
   2.4000000e+01  -5.4054370e-02  -1.0316860e+00  -5.3535967e-02  -5.3648468e-01
   2.4100000e+01  -4.3580144e-02  -1.0385937e+00  -4.7411195e-02  -5.4402933e-01
   2.4200000e+01  -4.6634858e-02  -1.0328764e+00  -5.0290619e-02  -5.3805905e-01
   2.4300000e+01  -4.8621007e-02  -1.0373825e+00  -4.1714249e-02  -5.4861395e-01
   2.4400000e+01  -4.7513816e-02  -1.0302182e+00  -4.1446869e-02  -5.4083207e-01
   2.4500000e+01  -5.6663748e-02  -1.0259101e+00  -5.1510183e-02  -5.4535071e-01
   2.4600000e+01  -4.8911781e-02  -1.0282602e+00  -4.3886934e-02  -5.4383787e-01
   2.4700000e+01  -4.0070890e-02  -1.0340453e+00  -4.1162575e-02  -5.3894018e-01
   2.4800000e+01  -4.7954186e-02  -1.0389143e+00  -4.6788459e-02  -5.4631040e-01
   2.4900000e+01  -4.8252502e-02  -1.0227322e+00  -3.9969123e-02  -5.4559776e-01
   2.5000000e+01  -5.2313234e-02  -1.0196428e+00  -4.2906246e-02  -5.4835652e-01
   2.5100000e+01  -4.8630475e-02  -1.0297459e+00  -4.7348082e-02  -5.5208795e-01
   2.5200000e+01  -4.7252567e-02  -1.0355599e+00  -4.3878203e-02  -5.4121287e-01
   2.5300000e+01  -4.6236574e-02  -1.0241053e+00  -4.7451221e-02  -5.3433139e-01
   2.5400000e+01  -5.0421156e-02  -1.0334800e+00  -5.0641504e-02  -5.4137212e-01
   2.5500000e+01  -4.9707207e-02  -1.0328367e+00  -4.6592248e-02  -5.4164448e-01
   2.5600000e+01  -3.7873113e-02  -1.0257358e+00  -4.8279473e-02  -5.4590019e-01
   2.5700000e+01  -6.0293847e-02  -1.0376298e+00  -5.0378338e-02  -5.3212926e-01
   2.5800000e+01  -3.6795783e-02  -1.0406224e+00  -3.9196097e-02  -5.4172543e-01
   2.5900000e+01  -4.6701654e-02  -1.0281741e+00  -4.7310551e-02  -5.3364403e-01
   2.6000000e+01  -4.3232827e-02  -1.0282786e+00  -3.4172910e-02  -5.3852418e-01
   2.6100000e+01  -5.7182678e-02  -1.0298787e+00  -5.0019852e-02  -5.4179684e-01
   2.6200000e+01  -5.1558547e-02  -1.0277762e+00  -4.5514489e-02  -5.3475340e-01
   2.6300000e+01  -4.9925074e-02  -1.0247102e+00  -4.0182551e-02  -5.3527549e-01
   2.6400000e+01  -4.6255800e-02  -1.0252956e+00  -3.4178919e-02  -5.4100302e-01
   2.6500000e+01  -5.7214284e-02  -1.0333539e+00  -4.6879675e-02  -5.3363392e-01
   2.6600000e+01  -4.5999662e-02  -1.0261358e+00  -5.2606917e-02  -5.3109266e-01
   2.6700000e+01  -5.4819587e-02  -1.0294697e+00  -4.4262645e-02  -5.4076306e-01
   2.6800000e+01  -4.8122563e-02  -1.0330238e+00  -5.5380128e-02  -5.4175824e-01
   2.6900000e+01  -4.5053407e-02  -1.0366250e+00  -4.9902987e-02  -5.3830082e-01
   2.7000000e+01  -4.6756652e-02  -1.0269893e+00  -4.7045642e-02  -5.3857771e-01
   2.7100000e+01  -4.2800478e-02  -1.0322284e+00  -4.0669850e-02  -5.3619138e-01
   2.7200000e+01  -4.3201326e-02  -1.0301337e+00  -4.0944278e-02  -5.4175777e-01
   2.7300000e+01  -5.1877279e-02  -1.0345287e+00  -4.8613445e-02  -5.3667518e-01
   2.7400000e+01  -4.7123191e-02  -1.0384953e+00  -4.3631441e-02  -5.3492906e-01
   2.7500000e+01  -5.3413884e-02  -1.0294784e+00  -5.0151354e-02  -5.3948986e-01
   2.7600000e+01  -5.5390002e-02  -1.0307022e+00  -4.5007492e-02  -5.3961683e-01
   2.7700000e+01  -4.3626756e-02  -1.0240987e+00  -3.8440678e-02  -5.4698713e-01
   2.7800000e+01  -4.8468873e-02  -1.0261791e+00  -4.7648343e-02  -5.4656027e-01
   2.7900000e+01  -4.8756689e-02  -1.0248617e+00  -5.0042739e-02  -5.4807159e-01
   2.8000000e+01  -4.3698483e-02  -1.0342979e+00  -5.1087310e-02  -5.4693458e-01
   2.8100000e+01  -4.5355901e-02  -1.0352794e+00  -4.4717699e-02  -5.4123160e-01
   2.8200000e+01  -4.6635485e-02  -1.0370217e+00  -4.1467106e-02  -5.4887517e-01
   2.8300000e+01  -4.1922834e-02  -1.0277694e+00  -3.7339100e-02  -5.2865913e-01
   2.8400000e+01  -4.3600768e-02  -1.0157732e+00  -4.8186151e-02  -5.3654863e-01
   2.8500000e+01  -4.7213736e-02  -1.0265673e+00  -4.7615480e-02  -5.5124567e-01
   2.8600000e+01  -5.2083856e-02  -1.0344246e+00  -5.1781979e-02  -5.4646471e-01
   2.8700000e+01  -5.1880661e-02  -1.0259962e+00  -4.0028766e-02  -5.4098075e-01
   2.8800000e+01  -4.2227303e-02  -1.0362847e+00  -4.8864182e-02  -5.4938812e-01
   2.8900000e+01  -5.6908658e-02  -1.0378353e+00  -5.0946998e-02  -5.4282750e-01
   2.9000000e+01  -4.8597217e-02  -1.0266203e+00  -3.7032476e-02  -5.3470704e-01
   2.9100000e+01  -5.8673274e-02  -1.0344499e+00  -4.4228607e-02  -5.4127758e-01
   2.9200000e+01  -4.3125818e-02  -1.0287223e+00  -4.4718371e-02  -5.4077157e-01
   2.9300000e+01  -4.3957198e-02  -1.0230122e+00  -5.3734292e-02  -5.4566383e-01
   2.9400000e+01  -4.8463049e-02  -1.0282765e+00  -4.6196785e-02  -5.4332894e-01
   2.9500000e+01  -4.8840036e-02  -1.0255091e+00  -4.5745668e-02  -5.4749623e-01
   2.9600000e+01  -6.1487286e-02  -1.0387848e+00  -5.4188113e-02  -5.3851250e-01
   2.9700000e+01  -4.5426122e-02  -1.0269130e+00  -4.9651391e-02  -5.4278725e-01
   2.9800000e+01  -5.9948697e-02  -1.0191797e+00  -5.0589300e-02  -5.3631780e-01
   2.9900000e+01  -6.0612857e-02  -1.0275434e+00  -4.5705269e-02  -5.3394135e-01
   3.0000000e+01  -4.8050602e-02  -1.0384448e+00  -5.3741579e-02  -5.3477930e-01
   3.0100000e+01  -5.3435369e-02  -1.0314405e+00  -4.2767003e-02  -5.4060193e-01
   3.0200000e+01  -4.6314574e-02  -1.0329946e+00  -3.9123552e-02  -5.4305837e-01
   3.0300000e+01  -4.4924486e-02  -1.0283713e+00  -5.0059589e-02  -5.4682845e-01
   3.0400000e+01  -4.3978057e-02  -1.0282194e+00  -4.8514669e-02  -5.3979899e-01
   3.0500000e+01  -5.2088035e-02  -1.0282537e+00  -4.5816399e-02  -5.3539571e-01
   3.0600000e+01  -4.6116198e-02  -1.0322816e+00  -4.2168921e-02  -5.4220461e-01
   3.0700000e+01  -4.7942219e-02  -1.0335146e+00  -4.5735856e-02  -5.4132699e-01
   3.0800000e+01  -4.4143841e-02  -1.0334639e+00  -4.6390205e-02  -5.3719256e-01
   3.0900000e+01  -4.5661822e-02  -1.0259077e+00  -5.0997126e-02  -5.3589603e-01
   3.1000000e+01  -4.3767801e-02  -1.0400792e+00  -4.9681250e-02  -5.4783845e-01
   3.1100000e+01  -4.9159959e-02  -1.0314623e+00  -4.5257456e-02  -5.3937255e-01
   3.1200000e+01  -4.9239879e-02  -1.0289611e+00  -3.9657749e-02  -5.3939415e-01
   3.1300000e+01  -4.3192444e-02  -1.0337947e+00  -4.5493032e-02  -5.4121083e-01
   3.1400000e+01  -5.9588568e-02  -1.0278781e+00  -5.4783888e-02  -5.3574489e-01
   3.1500000e+01  -5.1111142e-02  -1.0307503e+00  -4.6201635e-02  -5.4232639e-01
   3.1600000e+01  -5.5121951e-02  -1.0352898e+00  -4.8951477e-02  -5.4474542e-01
   3.1700000e+01  -5.0472343e-02  -1.0295319e+00  -4.9747002e-02  -5.3897431e-01
   3.1800000e+01  -4.5072657e-02  -1.0317810e+00  -4.9616803e-02  -5.3801201e-01
   3.1900000e+01  -4.4145637e-02  -1.0325229e+00  -5.3075582e-02  -5.4155836e-01
   3.2000000e+01  -5.3783366e-02  -1.0341013e+00  -5.0148861e-02  -5.3625101e-01
   3.2100000e+01  -5.0935650e-02  -1.0300551e+00  -5.2576322e-02  -5.4836785e-01
   3.2200000e+01  -4.7751673e-02  -1.0400431e+00  -5.0380073e-02  -5.4604775e-01
   3.2300000e+01  -4.9997327e-02  -1.0324625e+00  -4.7855106e-02  -5.5650532e-01
   3.2400000e+01  -4.6888816e-02  -1.0332228e+00  -4.7556294e-02  -5.3768942e-01
   3.2500000e+01  -4.6375100e-02  -1.0351515e+00  -4.9598308e-02  -5.4560849e-01
   3.2600000e+01  -5.3338402e-02  -1.0269593e+00  -4.9268206e-02  -5.4174486e-01
   3.2700000e+01  -4.9395015e-02  -1.0342215e+00  -4.8292743e-02  -5.3513500e-01
   3.2800000e+01  -5.9632755e-02  -1.0275461e+00  -4.6069574e-02  -5.4015240e-01
   3.2900000e+01  -4.2472034e-02  -1.0252673e+00  -4.1758529e-02  -5.4272560e-01
   3.3000000e+01  -5.1763045e-02  -1.0311982e+00  -4.5222350e-02  -5.4486208e-01
   3.3100000e+01  -5.4772477e-02  -1.0289223e+00  -4.9970154e-02  -5.4167808e-01
   3.3200000e+01  -4.9798785e-02  -1.0270283e+00  -4.5337931e-02  -5.3726257e-01
   3.3300000e+01  -5.5949512e-02  -1.0308008e+00  -4.9754740e-02  -5.4835858e-01
   3.3400000e+01  -4.8578344e-02  -1.0275448e+00  -5.7793052e-02  -5.4077737e-01
   3.3500000e+01  -5.1404769e-02  -1.0369876e+00  -6.0759250e-02  -5.3632290e-01
   3.3600000e+01  -3.7066311e-02  -1.0245627e+00  -5.7441498e-02  -5.4785841e-01
   3.3700000e+01  -4.2508143e-02  -1.0355582e+00  -4.9710729e-02  -5.3691471e-01
   3.3800000e+01  -6.1542801e-02  -1.0399526e+00  -5.1713487e-02  -5.3684208e-01
   3.3900000e+01  -4.6158351e-02  -1.0231276e+00  -5.2239885e-02  -5.4503836e-01
   3.4000000e+01  -5.5789766e-02  -1.0307053e+00  -4.8256253e-02  -5.4829709e-01
   3.4100000e+01  -4.9804600e-02  -1.0280263e+00  -5.1919553e-02  -5.3815159e-01
   3.4200000e+01  -4.7608316e-02  -1.0322788e+00  -5.1770503e-02  -5.3618748e-01
   3.4300000e+01  -4.4554007e-02  -1.0357206e+00  -4.5277144e-02  -5.3738819e-01
   3.4400000e+01  -4.9898804e-02  -1.0464670e+00  -4.4372837e-02  -5.3642523e-01
   3.4500000e+01  -4.0215645e-02  -1.0270976e+00  -3.5711208e-02  -5.4660910e-01
   3.4600000e+01  -5.0987315e-02  -1.0318779e+00  -4.6885732e-02  -5.3736248e-01
   3.4700000e+01  -4.6754284e-02  -1.0314101e+00  -4.8163772e-02  -5.4345643e-01
   3.4800000e+01  -4.4988594e-02  -1.0282531e+00  -5.1475292e-02  -5.4335881e-01
   3.4900000e+01  -4.8023087e-02  -1.0378085e+00  -4.9491264e-02  -5.4856615e-01
   3.5000000e+01  -4.3856476e-02  -1.0341962e+00  -4.8733715e-02  -5.3465882e-01
   3.5100000e+01  -4.6776794e-02  -1.0243694e+00  -5.7662350e-02  -5.3950290e-01
   3.5200000e+01  -5.2574913e-02  -1.0272464e+00  -4.9816655e-02  -5.3516461e-01
   3.5300000e+01  -5.7922047e-02  -1.0370856e+00  -4.4544542e-02  -5.3250788e-01
   3.5400000e+01  -3.8737564e-02  -1.0419131e+00  -5.1457649e-02  -5.4637407e-01
   3.5500000e+01  -5.1634446e-02  -1.0333679e+00  -4.5881334e-02  -5.3705267e-01
   3.5600000e+01  -4.7927943e-02  -1.0292563e+00  -4.3277964e-02  -5.4048631e-01
   3.5700000e+01  -4.5520398e-02  -1.0254426e+00  -4.2829241e-02  -5.3563245e-01
   3.5800000e+01  -4.7874342e-02  -1.0298861e+00  -4.4401600e-02  -5.3461962e-01
   3.5900000e+01  -5.3206269e-02  -1.0362532e+00  -6.0301630e-02  -5.3612352e-01
   3.6000000e+01  -5.0918082e-02  -1.0287738e+00  -5.1424204e-02  -5.4470050e-01
   3.6100000e+01  -4.9123056e-02  -1.0365152e+00  -4.3748935e-02  -5.4108178e-01
   3.6200000e+01  -4.0725326e-02  -1.0354084e+00  -4.6402618e-02  -5.3903645e-01
   3.6300000e+01  -5.2976354e-02  -1.0337998e+00  -4.8443716e-02  -5.2388149e-01
   3.6400000e+01  -4.4360619e-02  -1.0368139e+00  -4.6181433e-02  -5.3399695e-01
   3.6500000e+01  -4.6853187e-02  -1.0317956e+00  -4.2552087e-02  -5.2826868e-01
   3.6600000e+01  -4.9693622e-02  -1.0350890e+00  -4.7663992e-02  -5.3824920e-01
   3.6700000e+01  -5.4003430e-02  -1.0318727e+00  -5.2441296e-02  -5.3931035e-01
   3.6800000e+01  -4.9956893e-02  -1.0327981e+00  -4.9412466e-02  -5.3720896e-01
   3.6900000e+01  -4.8923043e-02  -1.0325225e+00  -4.9557118e-02  -5.4318293e-01
   3.7000000e+01  -5.6162869e-02  -1.0330134e+00  -4.3773787e-02  -5.3391849e-01
   3.7100000e+01  -4.7462870e-02  -1.0239193e+00  -4.6310296e-02  -5.4124485e-01
   3.7200000e+01  -5.2774651e-02  -1.0271813e+00  -4.5602327e-02  -5.4761166e-01
   3.7300000e+01  -4.8962577e-02  -1.0300675e+00  -4.7695072e-02  -5.3585980e-01
   3.7400000e+01  -4.6708725e-02  -1.0380577e+00  -5.0365960e-02  -5.4863232e-01
   3.7500000e+01  -5.3205891e-02  -1.0388895e+00  -4.8148999e-02  -5.5007599e-01
   3.7600000e+01  -4.9978440e-02  -1.0406642e+00  -4.7334466e-02  -5.3890939e-01
   3.7700000e+01  -4.6636210e-02  -1.0167361e+00  -5.5789686e-02  -5.4539846e-01
   3.7800000e+01  -5.8081670e-02  -1.0252855e+00  -4.7532570e-02  -5.4518808e-01
   3.7900000e+01  -4.3044776e-02  -1.0290313e+00  -4.3612314e-02  -5.4126747e-01
   3.8000000e+01  -3.5774685e-02  -1.0354779e+00  -4.9046024e-02  -5.4297939e-01
   3.8100000e+01  -4.3445724e-02  -1.0363792e+00  -4.0236078e-02  -5.4158599e-01
   3.8200000e+01  -5.0122512e-02  -1.0275094e+00  -4.5534412e-02  -5.3899497e-01
   3.8300000e+01  -4.6224870e-02  -1.0221821e+00  -5.0670053e-02  -5.4653792e-01
   3.8400000e+01  -5.3893537e-02  -1.0392432e+00  -4.9275190e-02  -5.4682957e-01
   3.8500000e+01  -3.8636654e-02  -1.0327299e+00  -4.9910071e-02  -5.5141234e-01
   3.8600000e+01  -4.3543617e-02  -1.0308182e+00  -4.7206630e-02  -5.4246281e-01
   3.8700000e+01  -4.4346601e-02  -1.0408069e+00  -4.4517605e-02  -5.3694133e-01
   3.8800000e+01  -5.3055200e-02  -1.0259721e+00  -4.9997570e-02  -5.4409655e-01
   3.8900000e+01  -4.6793884e-02  -1.0325480e+00  -4.6068719e-02  -5.3779456e-01
   3.9000000e+01  -5.1392356e-02  -1.0203647e+00  -3.9278464e-02  -5.3759043e-01
   3.9100000e+01  -5.0099775e-02  -1.0324236e+00  -4.3591861e-02  -5.3523194e-01
   3.9200000e+01  -5.1453699e-02  -1.0282344e+00  -4.4148059e-02  -5.3523912e-01
   3.9300000e+01  -5.3839862e-02  -1.0363586e+00  -5.2735454e-02  -5.4402627e-01
   3.9400000e+01  -5.3227314e-02  -1.0336486e+00  -5.1266220e-02  -5.4490589e-01
   3.9500000e+01  -4.9568153e-02  -1.0364962e+00  -4.7199136e-02  -5.4016613e-01
   3.9600000e+01  -5.7364366e-02  -1.0283213e+00  -4.8996126e-02  -5.4390066e-01
   3.9700000e+01  -4.5287744e-02  -1.0235604e+00  -5.6977867e-02  -5.3281296e-01
   3.9800000e+01  -4.9085925e-02  -1.0334851e+00  -5.6398635e-02  -5.3319464e-01
   3.9900000e+01  -4.4808339e-02  -1.0280920e+00  -4.3096018e-02  -5.3992137e-01
   4.0000000e+01  -4.7057257e-02  -1.0330177e+00  -5.2438680e-02  -5.4265593e-01
   4.0100000e+01  -4.5881053e-02  -1.0298422e+00  -3.7586946e-02  -5.3774492e-01
   4.0200000e+01  -5.6234737e-02  -1.0241133e+00  -6.0103428e-02  -5.4385573e-01
   4.0300000e+01  -5.3811225e-02  -1.0297470e+00  -4.6119413e-02  -5.4107409e-01
   4.0400000e+01  -5.0809595e-02  -1.0358057e+00  -4.8465856e-02  -5.4319702e-01
   4.0500000e+01  -4.7894963e-02  -1.0348646e+00  -5.2428793e-02  -5.3986665e-01
   4.0600000e+01  -4.2559083e-02  -1.0312663e+00  -4.6352094e-02  -5.3451147e-01
   4.0700000e+01  -4.9987377e-02  -1.0313804e+00  -5.2625738e-02  -5.3653190e-01
   4.0800000e+01  -4.1863669e-02  -1.0349102e+00  -4.3967319e-02  -5.3443161e-01
   4.0900000e+01  -4.5979815e-02  -1.0294309e+00  -4.8119007e-02  -5.4520893e-01
   4.1000000e+01  -4.2321473e-02  -1.0237453e+00  -5.7052946e-02  -5.3947806e-01
   4.1100000e+01  -4.7804440e-02  -1.0316919e+00  -6.1165094e-02  -5.4556830e-01
   4.1200000e+01  -5.1908214e-02  -1.0314480e+00  -4.9955264e-02  -5.3840454e-01
   4.1300000e+01  -5.6225721e-02  -1.0419040e+00  -4.2469706e-02  -5.3871415e-01
   4.1400000e+01  -4.7654995e-02  -1.0344322e+00  -4.7520533e-02  -5.3363204e-01
   4.1500000e+01  -4.4183209e-02  -1.0376720e+00  -4.8185080e-02  -5.3466395e-01
   4.1600000e+01  -5.0001121e-02  -1.0323991e+00  -4.4868064e-02  -5.3699923e-01
   4.1700000e+01  -5.1300685e-02  -1.0276249e+00  -5.5764997e-02  -5.4306406e-01
   4.1800000e+01  -5.0085178e-02  -1.0224010e+00  -4.1005936e-02  -5.4291180e-01
   4.1900000e+01  -5.4210883e-02  -1.0209599e+00  -5.3149327e-02  -5.5116145e-01
   4.2000000e+01  -5.1050527e-02  -1.0309888e+00  -4.8271398e-02  -5.4276682e-01
   4.2100000e+01  -4.9415483e-02  -1.0320534e+00  -5.0372779e-02  -5.4854154e-01
   4.2200000e+01  -4.8229110e-02  -1.0260963e+00  -4.7686058e-02  -5.3555095e-01
   4.2300000e+01  -4.8803102e-02  -1.0278104e+00  -5.8650607e-02  -5.3569695e-01
   4.2400000e+01  -4.5268190e-02  -1.0263700e+00  -4.0490039e-02  -5.3969543e-01
   4.2500000e+01  -4.7896747e-02  -1.0263018e+00  -4.5611278e-02  -5.4240084e-01
   4.2600000e+01  -3.8970972e-02  -1.0381277e+00  -3.7945178e-02  -5.3967042e-01
   4.2700000e+01  -4.6835381e-02  -1.0275475e+00  -4.1051464e-02  -5.3201554e-01
   4.2800000e+01  -3.9020826e-02  -1.0308561e+00  -4.8409021e-02  -5.3335555e-01
   4.2900000e+01  -5.2255389e-02  -1.0343575e+00  -5.3385984e-02  -5.4276754e-01
   4.3000000e+01  -4.5712140e-02  -1.0340085e+00  -5.7574037e-02  -5.3953770e-01
   4.3100000e+01  -4.9831805e-02  -1.0236671e+00  -4.8380274e-02  -5.4628641e-01
   4.3200000e+01  -4.5326795e-02  -1.0346166e+00  -4.7321620e-02  -5.3832128e-01
   4.3300000e+01  -4.5359319e-02  -1.0368528e+00  -4.2993230e-02  -5.3654978e-01
   4.3400000e+01  -5.9915116e-02  -1.0292527e+00  -5.3448467e-02  -5.3570688e-01
   4.3500000e+01  -5.5417515e-02  -1.0198484e+00  -4.4307584e-02  -5.4843694e-01
   4.3600000e+01  -5.6014263e-02  -1.0302430e+00  -4.8095128e-02  -5.3777731e-01
   4.3700000e+01  -4.6365081e-02  -1.0287626e+00  -5.2520149e-02  -5.4494452e-01
   4.3800000e+01  -4.0771178e-02  -1.0352895e+00  -4.4415632e-02  -5.4239113e-01
   4.3900000e+01  -5.0180330e-02  -1.0216107e+00  -4.7078169e-02  -5.3629349e-01
   4.4000000e+01  -4.4215820e-02  -1.0297224e+00  -4.9700143e-02  -5.3885810e-01
   4.4100000e+01  -4.5612692e-02  -1.0276012e+00  -3.8639654e-02  -5.4127685e-01
   4.4200000e+01  -5.3975467e-02  -1.0353618e+00  -4.5279164e-02  -5.3724266e-01
   4.4300000e+01  -4.6388001e-02  -1.0259051e+00  -4.9046526e-02  -5.3186129e-01
   4.4400000e+01  -5.2406045e-02  -1.0283393e+00  -4.7016370e-02  -5.4368411e-01
   4.4500000e+01  -4.0529979e-02  -1.0364296e+00  -4.8013362e-02  -5.4748860e-01
   4.4600000e+01  -4.8639652e-02  -1.0301687e+00  -4.7560203e-02  -5.4650498e-01
   4.4700000e+01  -3.9903060e-02  -1.0327362e+00  -4.6094137e-02  -5.4536373e-01
   4.4800000e+01  -5.0694735e-02  -1.0298048e+00  -5.1629147e-02  -5.4393395e-01
   4.4900000e+01  -4.5382868e-02  -1.0316887e+00  -5.2642342e-02  -5.3740000e-01
   4.5000000e+01  -4.8797908e-02  -1.0313711e+00  -4.6580780e-02  -5.5134057e-01
   4.5100000e+01  -5.9056086e-02  -1.0357851e+00  -3.8598817e-02  -5.3918400e-01
   4.5200000e+01  -5.3611562e-02  -1.0320696e+00  -5.0075649e-02  -5.4449531e-01
   4.5300000e+01  -4.5262032e-02  -1.0263633e+00  -5.3771744e-02  -5.3466221e-01
   4.5400000e+01  -4.8756517e-02  -1.0212417e+00  -4.9718156e-02  -5.4489922e-01
   4.5500000e+01  -5.4326801e-02  -1.0364533e+00  -5.1003430e-02  -5.4037993e-01
   4.5600000e+01  -5.1748845e-02  -1.0179287e+00  -5.0183106e-02  -5.4532869e-01
   4.5700000e+01  -4.7162662e-02  -1.0223863e+00  -4.5979327e-02  -5.4398814e-01
   4.5800000e+01  -5.3668569e-02  -1.0294945e+00  -4.9149838e-02  -5.4178159e-01
   4.5900000e+01  -4.3364306e-02  -1.0319539e+00  -5.1581160e-02  -5.4161747e-01
   4.6000000e+01  -5.1823881e-02  -1.0340350e+00  -5.0792692e-02  -5.4316742e-01
   4.6100000e+01  -3.8997951e-02  -1.0260164e+00  -5.5393883e-02  -5.3451164e-01
   4.6200000e+01  -5.4123300e-02  -1.0340138e+00  -5.2969576e-02  -5.3753897e-01
   4.6300000e+01  -4.7426180e-02  -1.0327952e+00  -5.5867590e-02  -5.3070597e-01
   4.6400000e+01  -5.6433210e-02  -1.0257502e+00  -5.1170829e-02  -5.4187144e-01
   4.6500000e+01  -5.2258058e-02  -1.0280942e+00  -5.4150695e-02  -5.3483463e-01
   4.6600000e+01  -5.1575385e-02  -1.0256815e+00  -5.2171807e-02  -5.5141109e-01
   4.6700000e+01  -4.6367741e-02  -1.0277341e+00  -5.0048593e-02  -5.3707641e-01
   4.6800000e+01  -4.3536135e-02  -1.0324759e+00  -5.4754625e-02  -5.3847451e-01
   4.6900000e+01  -4.6895793e-02  -1.0330673e+00  -4.8570515e-02  -5.4237870e-01
   4.7000000e+01  -5.0422527e-02  -1.0262071e+00  -4.6686957e-02  -5.3677867e-01
   4.7100000e+01  -4.4199246e-02  -1.0338912e+00  -5.3512599e-02  -5.3582425e-01
   4.7200000e+01  -4.4286171e-02  -1.0241635e+00  -4.2636649e-02  -5.3500755e-01
   4.7300000e+01  -4.7839741e-02  -1.0262367e+00  -5.6773963e-02  -5.3822148e-01
   4.7400000e+01  -4.5478088e-02  -1.0288703e+00  -5.0520566e-02  -5.3727231e-01
   4.7500000e+01  -4.6307739e-02  -1.0303599e+00  -5.6242933e-02  -5.4394865e-01
   4.7600000e+01  -5.3636855e-02  -1.0284625e+00  -5.0273598e-02  -5.4615384e-01
   4.7700000e+01  -4.4492044e-02  -1.0119112e+00  -5.5401142e-02  -5.4182074e-01
   4.7800000e+01  -5.1910232e-02  -1.0309655e+00  -5.1478962e-02  -5.3944273e-01
   4.7900000e+01  -5.1631243e-02  -1.0385271e+00  -5.2347465e-02  -5.3544037e-01
   4.8000000e+01  -4.7542643e-02  -1.0203494e+00  -5.4673790e-02  -5.4455865e-01
   4.8100000e+01  -5.0079218e-02  -1.0271837e+00  -5.9280715e-02  -5.4298240e-01
   4.8200000e+01  -4.9159343e-02  -1.0337693e+00  -4.5510487e-02  -5.2484519e-01
   4.8300000e+01  -4.5351848e-02  -1.0166725e+00  -3.7996413e-02  -5.4367935e-01
   4.8400000e+01  -4.2987930e-02  -1.0274921e+00  -3.6827817e-02  -5.3036482e-01
   4.8500000e+01  -4.9505643e-02  -1.0288364e+00  -5.1046169e-02  -5.3538694e-01
   4.8600000e+01  -4.6753415e-02  -1.0344496e+00  -4.8710004e-02  -5.4334015e-01
   4.8700000e+01  -4.9716877e-02  -1.0359528e+00  -5.0907779e-02  -5.4097742e-01
   4.8800000e+01  -4.7266968e-02  -1.0396362e+00  -4.8071474e-02  -5.4154608e-01
   4.8900000e+01  -4.6165310e-02  -1.0325912e+00  -5.3279800e-02  -5.3794032e-01
   4.9000000e+01  -5.1699036e-02  -1.0358909e+00  -5.8519437e-02  -5.3326901e-01
   4.9100000e+01  -4.7030092e-02  -1.0269852e+00  -4.8659950e-02  -5.4899502e-01
   4.9200000e+01  -4.5321771e-02  -1.0320399e+00  -5.4883877e-02  -5.2982328e-01
   4.9300000e+01  -4.7985810e-02  -1.0211144e+00  -5.8430256e-02  -5.3634701e-01
   4.9400000e+01  -3.9411705e-02  -1.0224674e+00  -3.6037597e-02  -5.4329355e-01
   4.9500000e+01  -5.1655534e-02  -1.0295181e+00  -4.9690930e-02  -5.4107929e-01
   4.9600000e+01  -5.2328370e-02  -1.0318574e+00  -4.6354420e-02  -5.3885090e-01
   4.9700000e+01  -5.7631481e-02  -1.0243441e+00  -4.2225383e-02  -5.3886875e-01
   4.9800000e+01  -4.3701858e-02  -1.0363799e+00  -5.7290510e-02  -5.3413222e-01
   4.9900000e+01  -4.3929101e-02  -1.0268494e+00  -4.6305894e-02  -5.3471137e-01
   5.0000000e+01  -4.8887452e-02  -1.0338803e+00  -4.5842002e-02  -5.4229766e-01
