   0.0000000e+00   0.0000000e+00   0.0000000e+00   0.0000000e+00   4.7810889e+01   1.8117333e+01   4.7810889e+01  -0.0000000e+00  -0.0000000e+00  -0.0000000e+00
   1.0000000e-01   4.7810320e+00   1.8117117e+00   4.7810320e+00   4.7809182e+01   1.8116686e+01   4.7809182e+01  -3.4150066e-02  -1.2940737e-02  -3.4150066e-02
   2.0000000e-01   9.5617225e+00   3.6232941e+00   9.5617225e+00   4.7804059e+01   1.8114745e+01   4.7804059e+01  -6.8296717e-02  -2.5880179e-02  -6.8296717e-02
   3.0000000e-01   1.4341730e+01   5.4346176e+00   1.4341730e+01   4.7795522e+01   1.8111510e+01   4.7795522e+01  -1.0243654e-01  -3.8817034e-02  -1.0243654e-01
   4.0000000e-01   1.9120713e+01   7.2455530e+00   1.9120713e+01   4.7783572e+01   1.8106982e+01   4.7783572e+01  -1.3656612e-01  -5.1750006e-02  -1.3656612e-01
   5.0000000e-01   2.3898331e+01   9.0559709e+00   2.3898331e+01   4.7768210e+01   1.8101160e+01   4.7768210e+01  -1.7068204e-01  -6.4677804e-02  -1.7068204e-01
   6.0000000e-01   2.8674241e+01   1.0865742e+01   2.8674241e+01   4.7749436e+01   1.8094046e+01   4.7749436e+01  -2.0478089e-01  -7.7599134e-02  -2.0478089e-01
   7.0000000e-01   3.3448104e+01   1.2674737e+01   3.3448104e+01   4.7727254e+01   1.8085641e+01   4.7727254e+01  -2.3885927e-01  -9.0512705e-02  -2.3885927e-01
   8.0000000e-01   3.8219579e+01   1.4482827e+01   3.8219579e+01   4.7701665e+01   1.8075944e+01   4.7701665e+01  -2.7291376e-01  -1.0341722e-01  -2.7291376e-01
   9.0000000e-01   4.2988324e+01   1.6289883e+01   4.2988324e+01   4.7672672e+01   1.8064958e+01   4.7672672e+01  -3.0694095e-01  -1.1631140e-01  -3.0694095e-01
   1.0000000e+00   4.7754000e+01   1.8095776e+01   4.7754000e+01   4.7640278e+01   1.8052682e+01   4.7640278e+01  -3.4093746e-01  -1.2919395e-01  -3.4093746e-01
   1.1000000e+00   5.2516266e+01   1.9900376e+01   5.2516266e+01   4.7604486e+01   1.8039119e+01   4.7604486e+01  -3.7489987e-01  -1.4206357e-01  -3.7489987e-01
   1.2000000e+00   5.7274784e+01   2.1703557e+01   5.7274784e+01   4.7565299e+01   1.8024270e+01   4.7565299e+01  -4.0882479e-01  -1.5491900e-01  -4.0882479e-01
   1.3000000e+00   6.2029213e+01   2.3505188e+01   6.2029213e+01   4.7522722e+01   1.8008136e+01   4.7522722e+01  -4.4270883e-01  -1.6775893e-01  -4.4270883e-01
   1.4000000e+00   6.6779216e+01   2.5305141e+01   6.6779216e+01   4.7476759e+01   1.7990719e+01   4.7476759e+01  -4.7654860e-01  -1.8058208e-01  -4.7654860e-01
   1.5000000e+00   7.1524452e+01   2.7103289e+01   7.1524452e+01   4.7427414e+01   1.7972020e+01   4.7427414e+01  -5.1034071e-01  -1.9338717e-01  -5.1034071e-01
   1.6000000e+00   7.6264586e+01   2.8899502e+01   7.6264586e+01   4.7374693e+01   1.7952042e+01   4.7374693e+01  -5.4408179e-01  -2.0617293e-01  -5.4408179e-01
   1.7000000e+00   8.0999279e+01   3.0693655e+01   8.0999279e+01   4.7318600e+01   1.7930786e+01   4.7318600e+01  -5.7776847e-01  -2.1893807e-01  -5.7776847e-01
   1.8000000e+00   8.5728194e+01   3.2485617e+01   8.5728194e+01   4.7259141e+01   1.7908255e+01   4.7259141e+01  -6.1139736e-01  -2.3168132e-01  -6.1139736e-01
   1.9000000e+00   9.0450995e+01   3.4275263e+01   9.0450995e+01   4.7196322e+01   1.7884451e+01   4.7196322e+01  -6.4496512e-01  -2.4440139e-01  -6.4496512e-01
   2.0000000e+00   9.5167346e+01   3.6062465e+01   9.5167346e+01   4.7130150e+01   1.7859376e+01   4.7130150e+01  -6.7846838e-01  -2.5709703e-01  -6.7846838e-01
   2.1000000e+00   9.9876913e+01   3.7847096e+01   9.9876913e+01   4.7060631e+01   1.7833032e+01   4.7060631e+01  -7.1190380e-01  -2.6976696e-01  -7.1190380e-01
   2.2000000e+00   1.0457936e+02   3.9629029e+01   1.0457936e+02   4.6987772e+01   1.7805423e+01   4.6987772e+01  -7.4526802e-01  -2.8240991e-01  -7.4526802e-01
   2.3000000e+00   1.0927436e+02   4.1408139e+01   1.0927436e+02   4.6911580e+01   1.7776551e+01   4.6911580e+01  -7.7855772e-01  -2.9502462e-01  -7.7855772e-01
   2.4000000e+00   1.1396157e+02   4.3184298e+01   1.1396157e+02   4.6832063e+01   1.7746419e+01   4.6832063e+01  -8.1176957e-01  -3.0760983e-01  -8.1176957e-01
   2.5000000e+00   1.1864066e+02   4.4957380e+01   1.1864066e+02   4.6749229e+01   1.7715030e+01   4.6749229e+01  -8.4490023e-01  -3.2016428e-01  -8.4490023e-01
   2.6000000e+00   1.2331130e+02   4.6727262e+01   1.2331130e+02   4.6663086e+01   1.7682387e+01   4.6663086e+01  -8.7794641e-01  -3.3268671e-01  -8.7794641e-01
   2.7000000e+00   1.2797317e+02   4.8493816e+01   1.2797317e+02   4.6573642e+01   1.7648494e+01   4.6573642e+01  -9.1090480e-01  -3.4517588e-01  -9.1090480e-01
   2.8000000e+00   1.3262592e+02   5.0256919e+01   1.3262592e+02   4.6480908e+01   1.7613353e+01   4.6480908e+01  -9.4377209e-01  -3.5763053e-01  -9.4377209e-01
   2.9000000e+00   1.3726924e+02   5.2016446e+01   1.3726924e+02   4.6384891e+01   1.7576969e+01   4.6384891e+01  -9.7654501e-01  -3.7004941e-01  -9.7654501e-01
   3.0000000e+00   1.4190279e+02   5.3772272e+01   1.4190279e+02   4.6285602e+01   1.7539345e+01   4.6285602e+01  -1.0092203e+00  -3.8243129e-01  -1.0092203e+00
   3.1000000e+00   1.4652625e+02   5.5524273e+01   1.4652625e+02   4.6183050e+01   1.7500484e+01   4.6183050e+01  -1.0417946e+00  -3.9477492e-01  -1.0417946e+00
   3.2000000e+00   1.5113929e+02   5.7272327e+01   1.5113929e+02   4.6077246e+01   1.7460391e+01   4.6077246e+01  -1.0742648e+00  -4.0707908e-01  -1.0742648e+00
   3.3000000e+00   1.5574159e+02   5.9016311e+01   1.5574159e+02   4.5968201e+01   1.7419070e+01   4.5968201e+01  -1.1066275e+00  -4.1934254e-01  -1.1066275e+00
   3.4000000e+00   1.6033282e+02   6.0756100e+01   1.6033282e+02   4.5855925e+01   1.7376524e+01   4.5855925e+01  -1.1388796e+00  -4.3156405e-01  -1.1388796e+00
   3.5000000e+00   1.6491267e+02   6.2491575e+01   1.6491267e+02   4.5740429e+01   1.7332758e+01   4.5740429e+01  -1.1710178e+00  -4.4374242e-01  -1.1710178e+00
   3.6000000e+00   1.6948080e+02   6.4222612e+01   1.6948080e+02   4.5621725e+01   1.7287777e+01   4.5621725e+01  -1.2030389e+00  -4.5587640e-01  -1.2030389e+00
   3.7000000e+00   1.7403691e+02   6.5949090e+01   1.7403691e+02   4.5499825e+01   1.7241585e+01   4.5499825e+01  -1.2349397e+00  -4.6796480e-01  -1.2349397e+00
   3.8000000e+00   1.7858066e+02   6.7670888e+01   1.7858066e+02   4.5374741e+01   1.7194186e+01   4.5374741e+01  -1.2667170e+00  -4.8000641e-01  -1.2667170e+00
   3.9000000e+00   1.8311175e+02   6.9387887e+01   1.8311175e+02   4.5246486e+01   1.7145585e+01   4.5246486e+01  -1.2983676e+00  -4.9200001e-01  -1.2983676e+00
   4.0000000e+00   1.8762985e+02   7.1099965e+01   1.8762985e+02   4.5115072e+01   1.7095787e+01   4.5115072e+01  -1.3298884e+00  -5.0394442e-01  -1.3298884e+00
   4.1000000e+00   1.9213466e+02   7.2807005e+01   1.9213466e+02   4.4980513e+01   1.7044798e+01   4.4980513e+01  -1.3612762e+00  -5.1583843e-01  -1.3612762e+00
   4.2000000e+00   1.9662585e+02   7.4508885e+01   1.9662585e+02   4.4842821e+01   1.6992621e+01   4.4842821e+01  -1.3925278e+00  -5.2768086e-01  -1.3925278e+00
   4.3000000e+00   2.0110312e+02   7.6205489e+01   2.0110312e+02   4.4702012e+01   1.6939263e+01   4.4702012e+01  -1.4236403e+00  -5.3947052e-01  -1.4236403e+00
   4.4000000e+00   2.0556615e+02   7.7896699e+01   2.0556615e+02   4.4558098e+01   1.6884729e+01   4.4558098e+01  -1.4546103e+00  -5.5120623e-01  -1.4546103e+00
   4.5000000e+00   2.1001464e+02   7.9582396e+01   2.1001464e+02   4.4411094e+01   1.6829024e+01   4.4411094e+01  -1.4854349e+00  -5.6288682e-01  -1.4854349e+00
   4.6000000e+00   2.1444827e+02   8.1262465e+01   2.1444827e+02   4.4261016e+01   1.6772153e+01   4.4261016e+01  -1.5161110e+00  -5.7451113e-01  -1.5161110e+00
   4.7000000e+00   2.1886674e+02   8.2936788e+01   2.1886674e+02   4.4107877e+01   1.6714124e+01   4.4107877e+01  -1.5466354e+00  -5.8607798e-01  -1.5466354e+00
   4.8000000e+00   2.2326974e+02   8.4605251e+01   2.2326974e+02   4.3951694e+01   1.6654940e+01   4.3951694e+01  -1.5770052e+00  -5.9758623e-01  -1.5770052e+00
   4.9000000e+00   2.2765697e+02   8.6267738e+01   2.2765697e+02   4.3792482e+01   1.6594608e+01   4.3792482e+01  -1.6072173e+00  -6.0903471e-01  -1.6072173e+00
   5.0000000e+00   2.3202814e+02   8.7924135e+01   2.3202814e+02   4.3630256e+01   1.6533135e+01   4.3630256e+01  -1.6372687e+00  -6.2042230e-01  -1.6372687e+00
   5.1000000e+00   2.3638293e+02   8.9574327e+01   2.3638293e+02   4.3465033e+01   1.6470526e+01   4.3465033e+01  -1.6671563e+00  -6.3174784e-01  -1.6671563e+00
   5.2000000e+00   2.4072104e+02   9.1218202e+01   2.4072104e+02   4.3296830e+01   1.6406787e+01   4.3296830e+01  -1.6968772e+00  -6.4301021e-01  -1.6968772e+00
   5.3000000e+00   2.4504219e+02   9.2855647e+01   2.4504219e+02   4.3125663e+01   1.6341926e+01   4.3125663e+01  -1.7264285e+00  -6.5420828e-01  -1.7264285e+00
   5.4000000e+00   2.4934608e+02   9.4486550e+01   2.4934608e+02   4.2951550e+01   1.6275948e+01   4.2951550e+01  -1.7558071e+00  -6.6534093e-01  -1.7558071e+00
   5.5000000e+00   2.5363241e+02   9.6110800e+01   2.5363241e+02   4.2774508e+01   1.6208860e+01   4.2774508e+01  -1.7850101e+00  -6.7640705e-01  -1.7850101e+00
   5.6000000e+00   2.5790088e+02   9.7728285e+01   2.5790088e+02   4.2594554e+01   1.6140669e+01   4.2594554e+01  -1.8140346e+00  -6.8740552e-01  -1.8140346e+00
   5.7000000e+00   2.6215122e+02   9.9338897e+01   2.6215122e+02   4.2411707e+01   1.6071381e+01   4.2411707e+01  -1.8428777e+00  -6.9833526e-01  -1.8428777e+00
   5.8000000e+00   2.6638313e+02   1.0094253e+02   2.6638313e+02   4.2225985e+01   1.6001004e+01   4.2225985e+01  -1.8715365e+00  -7.0919516e-01  -1.8715365e+00
   5.9000000e+00   2.7059632e+02   1.0253906e+02   2.7059632e+02   4.2037406e+01   1.5929545e+01   4.2037406e+01  -1.9000082e+00  -7.1998414e-01  -1.9000082e+00
   6.0000000e+00   2.7479051e+02   1.0412840e+02   2.7479051e+02   4.1845989e+01   1.5857010e+01   4.1845989e+01  -1.9282899e+00  -7.3070113e-01  -1.9282899e+00
   6.1000000e+00   2.7896543e+02   1.0571043e+02   2.7896543e+02   4.1651754e+01   1.5783407e+01   4.1651754e+01  -1.9563788e+00  -7.4134504e-01  -1.9563788e+00
   6.2000000e+00   2.8312077e+02   1.0728504e+02   2.8312077e+02   4.1454720e+01   1.5708743e+01   4.1454720e+01  -1.9842720e+00  -7.5191483e-01  -1.9842720e+00
   6.3000000e+00   2.8725628e+02   1.0885214e+02   2.8725628e+02   4.1254907e+01   1.5633026e+01   4.1254907e+01  -2.0119668e+00  -7.6240942e-01  -2.0119668e+00
   6.4000000e+00   2.9137166e+02   1.1041161e+02   2.9137166e+02   4.1052334e+01   1.5556264e+01   4.1052334e+01  -2.0394604e+00  -7.7282777e-01  -2.0394604e+00
   6.5000000e+00   2.9546665e+02   1.1196336e+02   2.9546665e+02   4.0847021e+01   1.5478463e+01   4.0847021e+01  -2.0667500e+00  -7.8316884e-01  -2.0667500e+00
   6.6000000e+00   2.9954098e+02   1.1350727e+02   2.9954098e+02   4.0638990e+01   1.5399633e+01   4.0638990e+01  -2.0938330e+00  -7.9343159e-01  -2.0938330e+00
   6.7000000e+00   3.0359436e+02   1.1504325e+02   3.0359436e+02   4.0428262e+01   1.5319780e+01   4.0428262e+01  -2.1207066e+00  -8.0361500e-01  -2.1207066e+00
   6.8000000e+00   3.0762654e+02   1.1657120e+02   3.0762654e+02   4.0214856e+01   1.5238912e+01   4.0214856e+01  -2.1473681e+00  -8.1371805e-01  -2.1473681e+00
   6.9000000e+00   3.1163724e+02   1.1809100e+02   3.1163724e+02   3.9998795e+01   1.5157039e+01   3.9998795e+01  -2.1738149e+00  -8.2373973e-01  -2.1738149e+00
   7.0000000e+00   3.1562621e+02   1.1960257e+02   3.1562621e+02   3.9780100e+01   1.5074167e+01   3.9780100e+01  -2.2000443e+00  -8.3367903e-01  -2.2000443e+00
   7.1000000e+00   3.1959318e+02   1.2110580e+02   3.1959318e+02   3.9558794e+01   1.4990306e+01   3.9558794e+01  -2.2260537e+00  -8.4353497e-01  -2.2260537e+00
   7.2000000e+00   3.2353788e+02   1.2260060e+02   3.2353788e+02   3.9334897e+01   1.4905463e+01   3.9334897e+01  -2.2518405e+00  -8.5330656e-01  -2.2518405e+00
   7.3000000e+00   3.2746007e+02   1.2408686e+02   3.2746007e+02   3.9108433e+01   1.4819647e+01   3.9108433e+01  -2.2774022e+00  -8.6299281e-01  -2.2774022e+00
   7.4000000e+00   3.3135948e+02   1.2556450e+02   3.3135948e+02   3.8879424e+01   1.4732867e+01   3.8879424e+01  -2.3027360e+00  -8.7259277e-01  -2.3027360e+00
   7.5000000e+00   3.3523587e+02   1.2703340e+02   3.3523587e+02   3.8647894e+01   1.4645132e+01   3.8647894e+01  -2.3278397e+00  -8.8210546e-01  -2.3278397e+00
   7.6000000e+00   3.3908898e+02   1.2849349e+02   3.3908898e+02   3.8413864e+01   1.4556449e+01   3.8413864e+01  -2.3527105e+00  -8.9152995e-01  -2.3527105e+00
   7.7000000e+00   3.4291856e+02   1.2994466e+02   3.4291856e+02   3.8177359e+01   1.4466829e+01   3.8177359e+01  -2.3773461e+00  -9.0086529e-01  -2.3773461e+00
   7.8000000e+00   3.4672437e+02   1.3138682e+02   3.4672437e+02   3.7938403e+01   1.4376279e+01   3.7938403e+01  -2.4017439e+00  -9.1011054e-01  -2.4017439e+00
   7.9000000e+00   3.5050616e+02   1.3281989e+02   3.5050616e+02   3.7697019e+01   1.4284810e+01   3.7697019e+01  -2.4259015e+00  -9.1926478e-01  -2.4259015e+00
   8.0000000e+00   3.5426369e+02   1.3424376e+02   3.5426369e+02   3.7453231e+01   1.4192429e+01   3.7453231e+01  -2.4498166e+00  -9.2832709e-01  -2.4498166e+00
   8.1000000e+00   3.5799673e+02   1.3565834e+02   3.5799673e+02   3.7207063e+01   1.4099147e+01   3.7207063e+01  -2.4734867e+00  -9.3729657e-01  -2.4734867e+00
   8.2000000e+00   3.6170503e+02   1.3706356e+02   3.6170503e+02   3.6958542e+01   1.4004973e+01   3.6958542e+01  -2.4969094e+00  -9.4617233e-01  -2.4969094e+00
   8.3000000e+00   3.6538836e+02   1.3845931e+02   3.6538836e+02   3.6707690e+01   1.3909916e+01   3.6707690e+01  -2.5200825e+00  -9.5495346e-01  -2.5200825e+00
   8.4000000e+00   3.6904649e+02   1.3984551e+02   3.6904649e+02   3.6454533e+01   1.3813985e+01   3.6454533e+01  -2.5430035e+00  -9.6363911e-01  -2.5430035e+00
   8.5000000e+00   3.7267919e+02   1.4122208e+02   3.7267919e+02   3.6199098e+01   1.3717191e+01   3.6199098e+01  -2.5656703e+00  -9.7222839e-01  -2.5656703e+00
   8.6000000e+00   3.7628623e+02   1.4258892e+02   3.7628623e+02   3.5941408e+01   1.3619543e+01   3.5941408e+01  -2.5880805e+00  -9.8072044e-01  -2.5880805e+00
   8.7000000e+00   3.7986740e+02   1.4394596e+02   3.7986740e+02   3.5681490e+01   1.3521050e+01   3.5681490e+01  -2.6102319e+00  -9.8911443e-01  -2.6102319e+00
   8.8000000e+00   3.8342246e+02   1.4529310e+02   3.8342246e+02   3.5419370e+01   1.3421723e+01   3.5419370e+01  -2.6321222e+00  -9.9740950e-01  -2.6321222e+00
   8.9000000e+00   3.8695120e+02   1.4663027e+02   3.8695120e+02   3.5155074e+01   1.3321572e+01   3.5155074e+01  -2.6537494e+00  -1.0056048e+00  -2.6537494e+00
   9.0000000e+00   3.9045340e+02   1.4795739e+02   3.9045340e+02   3.4888629e+01   1.3220606e+01   3.4888629e+01  -2.6751111e+00  -1.0136996e+00  -2.6751111e+00
   9.1000000e+00   3.9392885e+02   1.4927437e+02   3.9392885e+02   3.4620061e+01   1.3118835e+01   3.4620061e+01  -2.6962054e+00  -1.0216930e+00  -2.6962054e+00
   9.2000000e+00   3.9737734e+02   1.5058113e+02   3.9737734e+02   3.4349397e+01   1.3016271e+01   3.4349397e+01  -2.7170301e+00  -1.0295843e+00  -2.7170301e+00
   9.3000000e+00   4.0079866e+02   1.5187760e+02   4.0079866e+02   3.4076664e+01   1.2912922e+01   3.4076664e+01  -2.7375830e+00  -1.0373725e+00  -2.7375830e+00
   9.4000000e+00   4.0419261e+02   1.5316369e+02   4.0419261e+02   3.3801890e+01   1.2808800e+01   3.3801890e+01  -2.7578622e+00  -1.0450571e+00  -2.7578622e+00
   9.5000000e+00   4.0755897e+02   1.5443933e+02   4.0755897e+02   3.3525101e+01   1.2703914e+01   3.3525101e+01  -2.7778656e+00  -1.0526371e+00  -2.7778656e+00
   9.6000000e+00   4.1089756e+02   1.5570445e+02   4.1089756e+02   3.3246326e+01   1.2598276e+01   3.3246326e+01  -2.7975912e+00  -1.0601119e+00  -2.7975912e+00
   9.7000000e+00   4.1420817e+02   1.5695896e+02   4.1420817e+02   3.2965592e+01   1.2491895e+01   3.2965592e+01  -2.8170371e+00  -1.0674807e+00  -2.8170371e+00
   9.8000000e+00   4.1749062e+02   1.5820280e+02   4.1749062e+02   3.2682928e+01   1.2384783e+01   3.2682928e+01  -2.8362013e+00  -1.0747427e+00  -2.8362013e+00
   9.9000000e+00   4.2074470e+02   1.5943589e+02   4.2074470e+02   3.2398361e+01   1.2276950e+01   3.2398361e+01  -2.8550818e+00  -1.0818972e+00  -2.8550818e+00
   1.0000000e+01   4.2397023e+02   1.6065817e+02   4.2397023e+02   3.2111921e+01   1.2168407e+01   3.2111921e+01  -2.8736769e+00  -1.0889436e+00  -2.8736769e+00
   1.0100000e+01   4.2716702e+02   1.6186955e+02   4.2716702e+02   3.1823635e+01   1.2059165e+01   3.1823635e+01  -2.8919845e+00  -1.0958810e+00  -2.8919845e+00
   1.0200000e+01   4.3033489e+02   1.6306998e+02   4.3033489e+02   3.1533534e+01   1.1949235e+01   3.1533534e+01  -2.9100030e+00  -1.1027089e+00  -2.9100030e+00
   1.0300000e+01   4.3347367e+02   1.6425938e+02   4.3347367e+02   3.1241645e+01   1.1838627e+01   3.1241645e+01  -2.9277305e+00  -1.1094265e+00  -2.9277305e+00
   1.0400000e+01   4.3658316e+02   1.6543768e+02   4.3658316e+02   3.0947997e+01   1.1727353e+01   3.0947997e+01  -2.9451652e+00  -1.1160332e+00  -2.9451652e+00
   1.0500000e+01   4.3966321e+02   1.6660482e+02   4.3966321e+02   3.0652621e+01   1.1615424e+01   3.0652621e+01  -2.9623054e+00  -1.1225283e+00  -2.9623054e+00
   1.0600000e+01   4.4271363e+02   1.6776074e+02   4.4271363e+02   3.0355546e+01   1.1502851e+01   3.0355546e+01  -2.9791494e+00  -1.1289111e+00  -2.9791494e+00
   1.0700000e+01   4.4573426e+02   1.6890537e+02   4.4573426e+02   3.0056801e+01   1.1389646e+01   3.0056801e+01  -2.9956954e+00  -1.1351810e+00  -2.9956954e+00
   1.0800000e+01   4.4872494e+02   1.7003865e+02   4.4872494e+02   2.9756417e+01   1.1275819e+01   2.9756417e+01  -3.0119419e+00  -1.1413374e+00  -3.0119419e+00
   1.0900000e+01   4.5168549e+02   1.7116052e+02   4.5168549e+02   2.9454423e+01   1.1161382e+01   2.9454423e+01  -3.0278872e+00  -1.1473797e+00  -3.0278872e+00
   1.1000000e+01   4.5461577e+02   1.7227091e+02   4.5461577e+02   2.9150850e+01   1.1046347e+01   2.9150850e+01  -3.0435297e+00  -1.1533072e+00  -3.0435297e+00
   1.1100000e+01   4.5751561e+02   1.7336977e+02   4.5751561e+02   2.8845727e+01   1.0930724e+01   2.8845727e+01  -3.0588679e+00  -1.1591194e+00  -3.0588679e+00
   1.1200000e+01   4.6038486e+02   1.7445703e+02   4.6038486e+02   2.8539086e+01   1.0814527e+01   2.8539086e+01  -3.0739002e+00  -1.1648157e+00  -3.0739002e+00
   1.1300000e+01   4.6322338e+02   1.7553265e+02   4.6322338e+02   2.8230957e+01   1.0697765e+01   2.8230957e+01  -3.0886251e+00  -1.1703955e+00  -3.0886251e+00
   1.1400000e+01   4.6603101e+02   1.7659657e+02   4.6603101e+02   2.7921372e+01   1.0580451e+01   2.7921372e+01  -3.1030411e+00  -1.1758583e+00  -3.1030411e+00
   1.1500000e+01   4.6880760e+02   1.7764873e+02   4.6880760e+02   2.7610360e+01   1.0462597e+01   2.7610360e+01  -3.1171468e+00  -1.1812035e+00  -3.1171468e+00
   1.1600000e+01   4.7155303e+02   1.7868907e+02   4.7155303e+02   2.7297953e+01   1.0344215e+01   2.7297953e+01  -3.1309408e+00  -1.1864305e+00  -3.1309408e+00
   1.1700000e+01   4.7426715e+02   1.7971755e+02   4.7426715e+02   2.6984182e+01   1.0225315e+01   2.6984182e+01  -3.1444218e+00  -1.1915390e+00  -3.1444218e+00
   1.1800000e+01   4.7694982e+02   1.8073412e+02   4.7694982e+02   2.6669079e+01   1.0105911e+01   2.6669079e+01  -3.1575883e+00  -1.1965282e+00  -3.1575883e+00
   1.1900000e+01   4.7960092e+02   1.8173872e+02   4.7960092e+02   2.6352675e+01   9.9860136e+00   2.6352675e+01  -3.1704390e+00  -1.2013978e+00  -3.1704390e+00
   1.2000000e+01   4.8222032e+02   1.8273130e+02   4.8222032e+02   2.6035001e+01   9.8656353e+00   2.6035001e+01  -3.1829727e+00  -1.2061473e+00  -3.1829727e+00
   1.2100000e+01   4.8480788e+02   1.8371183e+02   4.8480788e+02   2.5716091e+01   9.7447881e+00   2.5716091e+01  -3.1951881e+00  -1.2107762e+00  -3.1951881e+00
   1.2200000e+01   4.8736349e+02   1.8468025e+02   4.8736349e+02   2.5395975e+01   9.6234841e+00   2.5395975e+01  -3.2070839e+00  -1.2152840e+00  -3.2070839e+00
   1.2300000e+01   4.8988704e+02   1.8563651e+02   4.8988704e+02   2.5074685e+01   9.5017354e+00   2.5074685e+01  -3.2186591e+00  -1.2196703e+00  -3.2186591e+00
   1.2400000e+01   4.9237839e+02   1.8658058e+02   4.9237839e+02   2.4752253e+01   9.3795541e+00   2.4752253e+01  -3.2299124e+00  -1.2239346e+00  -3.2299124e+00
   1.2500000e+01   4.9483745e+02   1.8751241e+02   4.9483745e+02   2.4428713e+01   9.2569525e+00   2.4428713e+01  -3.2408427e+00  -1.2280765e+00  -3.2408427e+00
   1.2600000e+01   4.9726410e+02   1.8843196e+02   4.9726410e+02   2.4104096e+01   9.1339429e+00   2.4104096e+01  -3.2514490e+00  -1.2320956e+00  -3.2514490e+00
   1.2700000e+01   4.9965823e+02   1.8933918e+02   4.9965823e+02   2.3778434e+01   9.0105375e+00   2.3778434e+01  -3.2617301e+00  -1.2359915e+00  -3.2617301e+00
   1.2800000e+01   5.0201975e+02   1.9023405e+02   5.0201975e+02   2.3451761e+01   8.8867487e+00   2.3451761e+01  -3.2716850e+00  -1.2397638e+00  -3.2716850e+00
   1.2900000e+01   5.0434855e+02   1.9111652e+02   5.0434855e+02   2.3124108e+01   8.7625889e+00   2.3124108e+01  -3.2813128e+00  -1.2434121e+00  -3.2813128e+00
   1.3000000e+01   5.0664454e+02   1.9198656e+02   5.0664454e+02   2.2795509e+01   8.6380705e+00   2.2795509e+01  -3.2906124e+00  -1.2469360e+00  -3.2906124e+00
   1.3100000e+01   5.0890763e+02   1.9284412e+02   5.0890763e+02   2.2465996e+01   8.5132059e+00   2.2465996e+01  -3.2995830e+00  -1.2503353e+00  -3.2995830e+00
   1.3200000e+01   5.1113771e+02   1.9368919e+02   5.1113771e+02   2.2135603e+01   8.3880076e+00   2.2135603e+01  -3.3082236e+00  -1.2536096e+00  -3.3082236e+00
   1.3300000e+01   5.1333472e+02   1.9452171e+02   5.1333472e+02   2.1804363e+01   8.2624881e+00   2.1804363e+01  -3.3165334e+00  -1.2567585e+00  -3.3165334e+00
   1.3400000e+01   5.1549856e+02   1.9534167e+02   5.1549856e+02   2.1472308e+01   8.1366601e+00   2.1472308e+01  -3.3245115e+00  -1.2597817e+00  -3.3245115e+00
   1.3500000e+01   5.1762915e+02   1.9614904e+02   5.1762915e+02   2.1139471e+01   8.0105360e+00   2.1139471e+01  -3.3321572e+00  -1.2626789e+00  -3.3321572e+00
   1.3600000e+01   5.1972643e+02   1.9694377e+02   5.1972643e+02   2.0805887e+01   7.8841285e+00   2.0805887e+01  -3.3394697e+00  -1.2654499e+00  -3.3394697e+00
   1.3700000e+01   5.2179031e+02   1.9772585e+02   5.2179031e+02   2.0471589e+01   7.7574502e+00   2.0471589e+01  -3.3464483e+00  -1.2680943e+00  -3.3464483e+00
   1.3800000e+01   5.2382072e+02   1.9849525e+02   5.2382072e+02   2.0136609e+01   7.6305138e+00   2.0136609e+01  -3.3530922e+00  -1.2706120e+00  -3.3530922e+00
   1.3900000e+01   5.2581761e+02   1.9925195e+02   5.2581761e+02   1.9800981e+01   7.5033321e+00   1.9800981e+01  -3.3594008e+00  -1.2730025e+00  -3.3594008e+00
   1.4000000e+01   5.2778090e+02   1.9999591e+02   5.2778090e+02   1.9464740e+01   7.3759176e+00   1.9464740e+01  -3.3653734e+00  -1.2752658e+00  -3.3653734e+00
   1.4100000e+01   5.2971054e+02   2.0072712e+02   5.2971054e+02   1.9127918e+01   7.2482832e+00   1.9127918e+01  -3.3710095e+00  -1.2774015e+00  -3.3710095e+00
   1.4200000e+01   5.3160646e+02   2.0144556e+02   5.3160646e+02   1.8790549e+01   7.1204415e+00   1.8790549e+01  -3.3763086e+00  -1.2794095e+00  -3.3763086e+00
   1.4300000e+01   5.3346863e+02   2.0215121e+02   5.3346863e+02   1.8452668e+01   6.9924055e+00   1.8452668e+01  -3.3812700e+00  -1.2812896e+00  -3.3812700e+00
   1.4400000e+01   5.3529698e+02   2.0284404e+02   5.3529698e+02   1.8114307e+01   6.8641879e+00   1.8114307e+01  -3.3858932e+00  -1.2830415e+00  -3.3858932e+00
   1.4500000e+01   5.3709147e+02   2.0352404e+02   5.3709147e+02   1.7775500e+01   6.7358015e+00   1.7775500e+01  -3.3901779e+00  -1.2846651e+00  -3.3901779e+00
   1.4600000e+01   5.3885207e+02   2.0419119e+02   5.3885207e+02   1.7436282e+01   6.6072591e+00   1.7436282e+01  -3.3941236e+00  -1.2861603e+00  -3.3941236e+00
   1.4700000e+01   5.4057872e+02   2.0484548e+02   5.4057872e+02   1.7096687e+01   6.4785737e+00   1.7096687e+01  -3.3977298e+00  -1.2875269e+00  -3.3977298e+00
   1.4800000e+01   5.4227139e+02   2.0548690e+02   5.4227139e+02   1.6756748e+01   6.3497581e+00   1.6756748e+01  -3.4009963e+00  -1.2887646e+00  -3.4009963e+00
   1.4900000e+01   5.4393006e+02   2.0611543e+02   5.4393006e+02   1.6416499e+01   6.2208251e+00   1.6416499e+01  -3.4039227e+00  -1.2898736e+00  -3.4039227e+00
   1.5000000e+01   5.4555468e+02   2.0673106e+02   5.4555468e+02   1.6075974e+01   6.0917877e+00   1.6075974e+01  -3.4065087e+00  -1.2908535e+00  -3.4065087e+00
   1.5100000e+01   5.4714524e+02   2.0733379e+02   5.4714524e+02   1.5735208e+01   5.9626587e+00   1.5735208e+01  -3.4087541e+00  -1.2917043e+00  -3.4087541e+00
   1.5200000e+01   5.4870172e+02   2.0792359e+02   5.4870172e+02   1.5394235e+01   5.8334511e+00   1.5394235e+01  -3.4106586e+00  -1.2924260e+00  -3.4106586e+00
   1.5300000e+01   5.5022409e+02   2.0850047e+02   5.5022409e+02   1.5053088e+01   5.7041778e+00   1.5053088e+01  -3.4122220e+00  -1.2930185e+00  -3.4122220e+00
   1.5400000e+01   5.5171233e+02   2.0906443e+02   5.5171233e+02   1.4711802e+01   5.5748517e+00   1.4711802e+01  -3.4134442e+00  -1.2934816e+00  -3.4134442e+00
   1.5500000e+01   5.5316644e+02   2.0961544e+02   5.5316644e+02   1.4370411e+01   5.4454858e+00   1.4370411e+01  -3.4143251e+00  -1.2938154e+00  -3.4143251e+00
   1.5600000e+01   5.5458641e+02   2.1015352e+02   5.5458641e+02   1.4028948e+01   5.3160929e+00   1.4028948e+01  -3.4148645e+00  -1.2940198e+00  -3.4148645e+00
   1.5700000e+01   5.5597223e+02   2.1067866e+02   5.5597223e+02   1.3687449e+01   5.1866861e+00   1.3687449e+01  -3.4150624e+00  -1.2940948e+00  -3.4150624e+00
   1.5800000e+01   5.5732390e+02   2.1119086e+02   5.5732390e+02   1.3345947e+01   5.0572783e+00   1.3345947e+01  -3.4149189e+00  -1.2940404e+00  -3.4149189e+00
   1.5900000e+01   5.5864142e+02   2.1169012e+02   5.5864142e+02   1.3004477e+01   4.9278824e+00   1.3004477e+01  -3.4144338e+00  -1.2938566e+00  -3.4144338e+00
   1.6000000e+01   5.5992480e+02   2.1217644e+02   5.5992480e+02   1.2663072e+01   4.7985113e+00   1.2663072e+01  -3.4136073e+00  -1.2935434e+00  -3.4136073e+00
   1.6100000e+01   5.6117404e+02   2.1264982e+02   5.6117404e+02   1.2321767e+01   4.6691780e+00   1.2321767e+01  -3.4124395e+00  -1.2931009e+00  -3.4124395e+00
   1.6200000e+01   5.6238916e+02   2.1311027e+02   5.6238916e+02   1.1980595e+01   4.5398954e+00   1.1980595e+01  -3.4109304e+00  -1.2925290e+00  -3.4109304e+00
   1.6300000e+01   5.6357016e+02   2.1355780e+02   5.6357016e+02   1.1639592e+01   4.4106765e+00   1.1639592e+01  -3.4090802e+00  -1.2918279e+00  -3.4090802e+00
   1.6400000e+01   5.6471708e+02   2.1399241e+02   5.6471708e+02   1.1298791e+01   4.2815341e+00   1.1298791e+01  -3.4068891e+00  -1.2909977e+00  -3.4068891e+00
   1.6500000e+01   5.6582993e+02   2.1441411e+02   5.6582993e+02   1.0958225e+01   4.1524813e+00   1.0958225e+01  -3.4043574e+00  -1.2900383e+00  -3.4043574e+00
   1.6600000e+01   5.6690874e+02   2.1482291e+02   5.6690874e+02   1.0617930e+01   4.0235308e+00   1.0617930e+01  -3.4014852e+00  -1.2889499e+00  -3.4014852e+00
   1.6700000e+01   5.6795353e+02   2.1521882e+02   5.6795353e+02   1.0277940e+01   3.8946956e+00   1.0277940e+01  -3.3982728e+00  -1.2877326e+00  -3.3982728e+00
   1.6800000e+01   5.6896433e+02   2.1560186e+02   5.6896433e+02   9.9382872e+00   3.7659885e+00   9.9382872e+00  -3.3947207e+00  -1.2863866e+00  -3.3947207e+00
   1.6900000e+01   5.6994120e+02   2.1597202e+02   5.6994120e+02   9.5990069e+00   3.6374226e+00   9.5990069e+00  -3.3908290e+00  -1.2849119e+00  -3.3908290e+00
   1.7000000e+01   5.7088415e+02   2.1632934e+02   5.7088415e+02   9.2601327e+00   3.5090105e+00   9.2601327e+00  -3.3865983e+00  -1.2833087e+00  -3.3865983e+00
   1.7100000e+01   5.7179324e+02   2.1667383e+02   5.7179324e+02   8.9216985e+00   3.3807651e+00   8.9216985e+00  -3.3820289e+00  -1.2815772e+00  -3.3820289e+00
   1.7200000e+01   5.7266850e+02   2.1700550e+02   5.7266850e+02   8.5837382e+00   3.2526993e+00   8.5837382e+00  -3.3771214e+00  -1.2797175e+00  -3.3771214e+00
   1.7300000e+01   5.7351000e+02   2.1732438e+02   5.7351000e+02   8.2462855e+00   3.1248259e+00   8.2462855e+00  -3.3718761e+00  -1.2777299e+00  -3.3718761e+00
   1.7400000e+01   5.7431778e+02   2.1763048e+02   5.7431778e+02   7.9093742e+00   2.9971576e+00   7.9093742e+00  -3.3662936e+00  -1.2756145e+00  -3.3662936e+00
   1.7500000e+01   5.7509190e+02   2.1792382e+02   5.7509190e+02   7.5730380e+00   2.8697072e+00   7.5730380e+00  -3.3603745e+00  -1.2733715e+00  -3.3603745e+00
   1.7600000e+01   5.7583241e+02   2.1820443e+02   5.7583241e+02   7.2373105e+00   2.7424875e+00   7.2373105e+00  -3.3541194e+00  -1.2710012e+00  -3.3541194e+00
   1.7700000e+01   5.7653938e+02   2.1847232e+02   5.7653938e+02   6.9022253e+00   2.6155112e+00   6.9022253e+00  -3.3475288e+00  -1.2685038e+00  -3.3475288e+00
   1.7800000e+01   5.7721288e+02   2.1872754e+02   5.7721288e+02   6.5678159e+00   2.4887910e+00   6.5678159e+00  -3.3406035e+00  -1.2658796e+00  -3.3406035e+00
   1.7900000e+01   5.7785297e+02   2.1897009e+02   5.7785297e+02   6.2341158e+00   2.3623395e+00   6.2341158e+00  -3.3333442e+00  -1.2631287e+00  -3.3333442e+00
   1.8000000e+01   5.7845972e+02   2.1920001e+02   5.7845972e+02   5.9011582e+00   2.2361694e+00   5.9011582e+00  -3.3257515e+00  -1.2602516e+00  -3.3257515e+00
   1.8100000e+01   5.7903322e+02   2.1941733e+02   5.7903322e+02   5.5689766e+00   2.1102934e+00   5.5689766e+00  -3.3178263e+00  -1.2572484e+00  -3.3178263e+00
   1.8200000e+01   5.7957355e+02   2.1962208e+02   5.7957355e+02   5.2376040e+00   1.9847240e+00   5.2376040e+00  -3.3095692e+00  -1.2541195e+00  -3.3095692e+00
   1.8300000e+01   5.8008077e+02   2.1981429e+02   5.8008077e+02   4.9070737e+00   1.8594737e+00   4.9070737e+00  -3.3009812e+00  -1.2508652e+00  -3.3009812e+00
   1.8400000e+01   5.8055499e+02   2.1999399e+02   5.8055499e+02   4.5774188e+00   1.7345551e+00   4.5774188e+00  -3.2920632e+00  -1.2474858e+00  -3.2920632e+00
   1.8500000e+01   5.8099629e+02   2.2016121e+02   5.8099629e+02   4.2486721e+00   1.6099807e+00   4.2486721e+00  -3.2828159e+00  -1.2439817e+00  -3.2828159e+00
   1.8600000e+01   5.8140476e+02   2.2031600e+02   5.8140476e+02   3.9208665e+00   1.4857629e+00   3.9208665e+00  -3.2732403e+00  -1.2403531e+00  -3.2732403e+00
   1.8700000e+01   5.8178049e+02   2.2045838e+02   5.8178049e+02   3.5940349e+00   1.3619142e+00   3.5940349e+00  -3.2633374e+00  -1.2366005e+00  -3.2633374e+00
   1.8800000e+01   5.8212360e+02   2.2058839e+02   5.8212360e+02   3.2682099e+00   1.2384469e+00   3.2682099e+00  -3.2531082e+00  -1.2327243e+00  -3.2531082e+00
   1.8900000e+01   5.8243417e+02   2.2070608e+02   5.8243417e+02   2.9434241e+00   1.1153734e+00   2.9434241e+00  -3.2425537e+00  -1.2287248e+00  -3.2425537e+00
   1.9000000e+01   5.8271232e+02   2.2081148e+02   5.8271232e+02   2.6197100e+00   9.9270605e-01   2.6197100e+00  -3.2316749e+00  -1.2246024e+00  -3.2316749e+00
   1.9100000e+01   5.8295815e+02   2.2090463e+02   5.8295815e+02   2.2970999e+00   8.7045703e-01   2.2970999e+00  -3.2204730e+00  -1.2203576e+00  -3.2204730e+00
   1.9200000e+01   5.8317177e+02   2.2098559e+02   5.8317177e+02   1.9756262e+00   7.4863860e-01   1.9756262e+00  -3.2089490e+00  -1.2159907e+00  -3.2089490e+00
   1.9300000e+01   5.8335331e+02   2.2105438e+02   5.8335331e+02   1.6553208e+00   6.2726294e-01   1.6553208e+00  -3.1971041e+00  -1.2115023e+00  -3.1971041e+00
   1.9400000e+01   5.8350288e+02   2.2111105e+02   5.8350288e+02   1.3362160e+00   5.0634219e-01   1.3362160e+00  -3.1849395e+00  -1.2068926e+00  -3.1849395e+00
   1.9500000e+01   5.8362060e+02   2.2115566e+02   5.8362060e+02   1.0183435e+00   3.8588844e-01   1.0183435e+00  -3.1724564e+00  -1.2021623e+00  -3.1724564e+00
   1.9600000e+01   5.8370659e+02   2.2118825e+02   5.8370659e+02   7.0173528e-01   2.6591373e-01   7.0173528e-01  -3.1596561e+00  -1.1973118e+00  -3.1596561e+00
   1.9700000e+01   5.8376099e+02   2.2120886e+02   5.8376099e+02   3.8642286e-01   1.4643007e-01   3.8642286e-01  -3.1465398e+00  -1.1923416e+00  -3.1465398e+00
   1.9800000e+01   5.8378392e+02   2.2121755e+02   5.8378392e+02   7.2437807e-02   2.7449393e-02   7.2437807e-02  -3.1331089e+00  -1.1872521e+00  -3.1331089e+00
   1.9900000e+01   5.8377552e+02   2.2121437e+02   5.8377552e+02  -2.4018847e-01  -9.1016392e-02  -2.4018847e-01  -3.1193646e+00  -1.1820439e+00  -3.1193646e+00
   2.0000000e+01   5.8373593e+02   2.2119936e+02   5.8373593e+02  -5.5142472e-01  -2.0895544e-01  -5.5142472e-01  -3.1053085e+00  -1.1767175e+00  -3.1053085e+00
   2.0100000e+01   5.8366528e+02   2.2117259e+02   5.8366528e+02  -8.6123982e-01  -3.2635596e-01  -8.6123982e-01  -3.0909418e+00  -1.1712734e+00  -3.0909418e+00
   2.0200000e+01   5.8356373e+02   2.2113411e+02   5.8356373e+02  -1.1696028e+00  -4.4320621e-01  -1.1696028e+00  -3.0762660e+00  -1.1657122e+00  -3.0762660e+00
   2.0300000e+01   5.8343141e+02   2.2108397e+02   5.8343141e+02  -1.4764828e+00  -5.5949451e-01  -1.4764828e+00  -3.0612825e+00  -1.1600344e+00  -3.0612825e+00
   2.0400000e+01   5.8326848e+02   2.2102223e+02   5.8326848e+02  -1.7818491e+00  -6.7520922e-01  -1.7818491e+00  -3.0459930e+00  -1.1542406e+00  -3.0459930e+00
   2.0500000e+01   5.8307509e+02   2.2094895e+02   5.8307509e+02  -2.0856712e+00  -7.9033878e-01  -2.0856712e+00  -3.0303988e+00  -1.1483314e+00  -3.0303988e+00
   2.0600000e+01   5.8285140e+02   2.2086418e+02   5.8285140e+02  -2.3879187e+00  -9.0487168e-01  -2.3879187e+00  -3.0145017e+00  -1.1423074e+00  -3.0145017e+00
   2.0700000e+01   5.8259756e+02   2.2076799e+02   5.8259756e+02  -2.6885615e+00  -1.0187964e+00  -2.6885615e+00  -2.9983030e+00  -1.1361691e+00  -2.9983030e+00
   2.0800000e+01   5.8231374e+02   2.2066044e+02   5.8231374e+02  -2.9875694e+00  -1.1321017e+00  -2.9875694e+00  -2.9818046e+00  -1.1299172e+00  -2.9818046e+00
   2.0900000e+01   5.8200010e+02   2.2054160e+02   5.8200010e+02  -3.2849125e+00  -1.2447761e+00  -3.2849125e+00  -2.9650079e+00  -1.1235523e+00  -2.9650079e+00
   2.1000000e+01   5.8165682e+02   2.2041151e+02   5.8165682e+02  -3.5805611e+00  -1.3568084e+00  -3.5805611e+00  -2.9479148e+00  -1.1170751e+00  -2.9479148e+00
   2.1100000e+01   5.8128405e+02   2.2027026e+02   5.8128405e+02  -3.8744856e+00  -1.4681874e+00  -3.8744856e+00  -2.9305269e+00  -1.1104862e+00  -2.9305269e+00
   2.1200000e+01   5.8088198e+02   2.2011790e+02   5.8088198e+02  -4.1666567e+00  -1.5789020e+00  -4.1666567e+00  -2.9128459e+00  -1.1037862e+00  -2.9128459e+00
   2.1300000e+01   5.8045078e+02   2.1995450e+02   5.8045078e+02  -4.4570451e+00  -1.6889410e+00  -4.4570451e+00  -2.8948737e+00  -1.0969758e+00  -2.8948737e+00
   2.1400000e+01   5.7999063e+02   2.1978013e+02   5.7999063e+02  -4.7456218e+00  -1.7982935e+00  -4.7456218e+00  -2.8766119e+00  -1.0900558e+00  -2.8766119e+00
   2.1500000e+01   5.7950171e+02   2.1959486e+02   5.7950171e+02  -5.0323579e+00  -1.9069485e+00  -5.0323579e+00  -2.8580625e+00  -1.0830267e+00  -2.8580625e+00
   2.1600000e+01   5.7898422e+02   2.1939876e+02   5.7898422e+02  -5.3172247e+00  -2.0148952e+00  -5.3172247e+00  -2.8392273e+00  -1.0758894e+00  -2.8392273e+00
   2.1700000e+01   5.7843833e+02   2.1919191e+02   5.7843833e+02  -5.6001939e+00  -2.1221228e+00  -5.6001939e+00  -2.8201082e+00  -1.0686444e+00  -2.8201082e+00
   2.1800000e+01   5.7786424e+02   2.1897436e+02   5.7786424e+02  -5.8812370e+00  -2.2286205e+00  -5.8812370e+00  -2.8007071e+00  -1.0612926e+00  -2.8007071e+00
   2.1900000e+01   5.7726215e+02   2.1874621e+02   5.7726215e+02  -6.1603259e+00  -2.3343778e+00  -6.1603259e+00  -2.7810259e+00  -1.0538347e+00  -2.7810259e+00
   2.2000000e+01   5.7663225e+02   2.1850751e+02   5.7663225e+02  -6.4374329e+00  -2.4393840e+00  -6.4374329e+00  -2.7610666e+00  -1.0462713e+00  -2.7610666e+00
   2.2100000e+01   5.7597473e+02   2.1825836e+02   5.7597473e+02  -6.7125300e+00  -2.5436286e+00  -6.7125300e+00  -2.7408312e+00  -1.0386034e+00  -2.7408312e+00
   2.2200000e+01   5.7528981e+02   2.1799881e+02   5.7528981e+02  -6.9855900e+00  -2.6471012e+00  -6.9855900e+00  -2.7203217e+00  -1.0308316e+00  -2.7203217e+00
   2.2300000e+01   5.7457768e+02   2.1772896e+02   5.7457768e+02  -7.2565853e+00  -2.7497914e+00  -7.2565853e+00  -2.6995402e+00  -1.0229567e+00  -2.6995402e+00
   2.2400000e+01   5.7383856e+02   2.1744888e+02   5.7383856e+02  -7.5254890e+00  -2.8516891e+00  -7.5254890e+00  -2.6784887e+00  -1.0149795e+00  -2.6784887e+00
   2.2500000e+01   5.7307265e+02   2.1715865e+02   5.7307265e+02  -7.7922741e+00  -2.9527840e+00  -7.7922741e+00  -2.6571694e+00  -1.0069008e+00  -2.6571694e+00
   2.2600000e+01   5.7228018e+02   2.1685835e+02   5.7228018e+02  -8.0569140e+00  -3.0530659e+00  -8.0569140e+00  -2.6355844e+00  -9.9872144e-01  -2.6355844e+00
   2.2700000e+01   5.7146134e+02   2.1654807e+02   5.7146134e+02  -8.3193822e+00  -3.1525249e+00  -8.3193822e+00  -2.6137358e+00  -9.9044219e-01  -2.6137358e+00
   2.2800000e+01   5.7061637e+02   2.1622787e+02   5.7061637e+02  -8.5796525e+00  -3.2511510e+00  -8.5796525e+00  -2.5916258e+00  -9.8206390e-01  -2.5916258e+00
   2.2900000e+01   5.6974549e+02   2.1589786e+02   5.6974549e+02  -8.8376987e+00  -3.3489344e+00  -8.8376987e+00  -2.5692567e+00  -9.7358741e-01  -2.5692567e+00
   2.3000000e+01   5.6884891e+02   2.1555812e+02   5.6884891e+02  -9.0934952e+00  -3.4458653e+00  -9.0934952e+00  -2.5466307e+00  -9.6501355e-01  -2.5466307e+00
   2.3100000e+01   5.6792686e+02   2.1520872e+02   5.6792686e+02  -9.3470164e+00  -3.5419339e+00  -9.3470164e+00  -2.5237500e+00  -9.5634320e-01  -2.5237500e+00
   2.3200000e+01   5.6697958e+02   2.1484976e+02   5.6697958e+02  -9.5982368e+00  -3.6371307e+00  -9.5982368e+00  -2.5006169e+00  -9.4757722e-01  -2.5006169e+00
   2.3300000e+01   5.6600729e+02   2.1448132e+02   5.6600729e+02  -9.8471314e+00  -3.7314462e+00  -9.8471314e+00  -2.4772338e+00  -9.3871647e-01  -2.4772338e+00
   2.3400000e+01   5.6501023e+02   2.1410350e+02   5.6501023e+02  -1.0093675e+01  -3.8248709e+00  -1.0093675e+01  -2.4536029e+00  -9.2976186e-01  -2.4536029e+00
   2.3500000e+01   5.6398864e+02   2.1371638e+02   5.6398864e+02  -1.0337844e+01  -3.9173955e+00  -1.0337844e+01  -2.4297267e+00  -9.2071427e-01  -2.4297267e+00
   2.3600000e+01   5.6294275e+02   2.1332005e+02   5.6294275e+02  -1.0579613e+01  -4.0090107e+00  -1.0579613e+01  -2.4056075e+00  -9.1157461e-01  -2.4056075e+00
   2.3700000e+01   5.6187280e+02   2.1291461e+02   5.6187280e+02  -1.0818957e+01  -4.0997074e+00  -1.0818957e+01  -2.3812478e+00  -9.0234379e-01  -2.3812478e+00
   2.3800000e+01   5.6077904e+02   2.1250014e+02   5.6077904e+02  -1.1055854e+01  -4.1894764e+00  -1.1055854e+01  -2.3566499e+00  -8.9302274e-01  -2.3566499e+00
   2.3900000e+01   5.5966171e+02   2.1207674e+02   5.5966171e+02  -1.1290279e+01  -4.2783089e+00  -1.1290279e+01  -2.3318164e+00  -8.8361239e-01  -2.3318164e+00
   2.4000000e+01   5.5852106e+02   2.1164451e+02   5.5852106e+02  -1.1522210e+01  -4.3661960e+00  -1.1522210e+01  -2.3067497e+00  -8.7411368e-01  -2.3067497e+00
   2.4100000e+01   5.5735735e+02   2.1120354e+02   5.5735735e+02  -1.1751622e+01  -4.4531287e+00  -1.1751622e+01  -2.2814523e+00  -8.6452755e-01  -2.2814523e+00
   2.4200000e+01   5.5617082e+02   2.1075392e+02   5.5617082e+02  -1.1978493e+01  -4.5390986e+00  -1.1978493e+01  -2.2559268e+00  -8.5485498e-01  -2.2559268e+00
   2.4300000e+01   5.5496174e+02   2.1029575e+02   5.5496174e+02  -1.2202800e+01  -4.6240969e+00  -1.2202800e+01  -2.2301756e+00  -8.4509692e-01  -2.2301756e+00
   2.4400000e+01   5.5373035e+02   2.0982913e+02   5.5373035e+02  -1.2424520e+01  -4.7081152e+00  -1.2424520e+01  -2.2042015e+00  -8.3525435e-01  -2.2042015e+00
   2.4500000e+01   5.5247692e+02   2.0935416e+02   5.5247692e+02  -1.2643632e+01  -4.7911450e+00  -1.2643632e+01  -2.1780070e+00  -8.2532826e-01  -2.1780070e+00
   2.4600000e+01   5.5120171e+02   2.0887093e+02   5.5120171e+02  -1.2860114e+01  -4.8731781e+00  -1.2860114e+01  -2.1515946e+00  -8.1531963e-01  -2.1515946e+00
   2.4700000e+01   5.4990499e+02   2.0837956e+02   5.4990499e+02  -1.3073944e+01  -4.9542062e+00  -1.3073944e+01  -2.1249671e+00  -8.0522947e-01  -2.1249671e+00
   2.4800000e+01   5.4858701e+02   2.0788013e+02   5.4858701e+02  -1.3285101e+01  -5.0342213e+00  -1.3285101e+01  -2.0981271e+00  -7.9505879e-01  -2.0981271e+00
   2.4900000e+01   5.4724806e+02   2.0737275e+02   5.4724806e+02  -1.3493563e+01  -5.1132153e+00  -1.3493563e+01  -2.0710773e+00  -7.8480861e-01  -2.0710773e+00
   2.5000000e+01   5.4588839e+02   2.0685752e+02   5.4588839e+02  -1.3699309e+01  -5.1911804e+00  -1.3699309e+01  -2.0438204e+00  -7.7447994e-01  -2.0438204e+00
   2.5100000e+01   5.4450828e+02   2.0633454e+02   5.4450828e+02  -1.3902320e+01  -5.2681087e+00  -1.3902320e+01  -2.0163591e+00  -7.6407383e-01  -2.0163591e+00
   2.5200000e+01   5.4310802e+02   2.0580393e+02   5.4310802e+02  -1.4102574e+01  -5.3439926e+00  -1.4102574e+01  -1.9886962e+00  -7.5359131e-01  -1.9886962e+00
   2.5300000e+01   5.4168786e+02   2.0526578e+02   5.4168786e+02  -1.4300053e+01  -5.4188245e+00  -1.4300053e+01  -1.9608344e+00  -7.4303344e-01  -1.9608344e+00
   2.5400000e+01   5.4024810e+02   2.0472020e+02   5.4024810e+02  -1.4494735e+01  -5.4925968e+00  -1.4494735e+01  -1.9327765e+00  -7.3240126e-01  -1.9327765e+00
   2.5500000e+01   5.3878901e+02   2.0416730e+02   5.3878901e+02  -1.4686601e+01  -5.5653023e+00  -1.4686601e+01  -1.9045253e+00  -7.2169584e-01  -1.9045253e+00
   2.5600000e+01   5.3731087e+02   2.0360718e+02   5.3731087e+02  -1.4875633e+01  -5.6369336e+00  -1.4875633e+01  -1.8760837e+00  -7.1091825e-01  -1.8760837e+00
   2.5700000e+01   5.3581398e+02   2.0303995e+02   5.3581398e+02  -1.5061812e+01  -5.7074835e+00  -1.5061812e+01  -1.8474545e+00  -7.0006957e-01  -1.8474545e+00
   2.5800000e+01   5.3429861e+02   2.0246572e+02   5.3429861e+02  -1.5245118e+01  -5.7769451e+00  -1.5245118e+01  -1.8186405e+00  -6.8915088e-01  -1.8186405e+00
   2.5900000e+01   5.3276505e+02   2.0188459e+02   5.3276505e+02  -1.5425534e+01  -5.8453114e+00  -1.5425534e+01  -1.7896447e+00  -6.7816328e-01  -1.7896447e+00
   2.6000000e+01   5.3121360e+02   2.0129669e+02   5.3121360e+02  -1.5603041e+01  -5.9125755e+00  -1.5603041e+01  -1.7604699e+00  -6.6710786e-01  -1.7604699e+00
   2.6100000e+01   5.2964454e+02   2.0070212e+02   5.2964454e+02  -1.5777622e+01  -5.9787308e+00  -1.5777622e+01  -1.7311191e+00  -6.5598574e-01  -1.7311191e+00
   2.6200000e+01   5.2805817e+02   2.0010098e+02   5.2805817e+02  -1.5949259e+01  -6.0437705e+00  -1.5949259e+01  -1.7015952e+00  -6.4479801e-01  -1.7015952e+00
   2.6300000e+01   5.2645479e+02   1.9949340e+02   5.2645479e+02  -1.6117935e+01  -6.1076882e+00  -1.6117935e+01  -1.6719011e+00  -6.3354581e-01  -1.6719011e+00
   2.6400000e+01   5.2483468e+02   1.9887948e+02   5.2483468e+02  -1.6283634e+01  -6.1704776e+00  -1.6283634e+01  -1.6420398e+00  -6.2223025e-01  -1.6420398e+00
   2.6500000e+01   5.2319816e+02   1.9825934e+02   5.2319816e+02  -1.6446338e+01  -6.2321322e+00  -1.6446338e+01  -1.6120143e+00  -6.1085247e-01  -1.6120143e+00
   2.6600000e+01   5.2154552e+02   1.9763309e+02   5.2154552e+02  -1.6606031e+01  -6.2926460e+00  -1.6606031e+01  -1.5818276e+00  -5.9941360e-01  -1.5818276e+00
   2.6700000e+01   5.1987705e+02   1.9700085e+02   5.1987705e+02  -1.6762698e+01  -6.3520129e+00  -1.6762698e+01  -1.5514827e+00  -5.8791480e-01  -1.5514827e+00
   2.6800000e+01   5.1819308e+02   1.9636273e+02   5.1819308e+02  -1.6916323e+01  -6.4102270e+00  -1.6916323e+01  -1.5209827e+00  -5.7635720e-01  -1.5209827e+00
   2.6900000e+01   5.1649389e+02   1.9571884e+02   5.1649389e+02  -1.7066890e+01  -6.4672824e+00  -1.7066890e+01  -1.4903306e+00  -5.6474197e-01  -1.4903306e+00
   2.7000000e+01   5.1477980e+02   1.9506931e+02   5.1477980e+02  -1.7214384e+01  -6.5231735e+00  -1.7214384e+01  -1.4595294e+00  -5.5307026e-01  -1.4595294e+00
   2.7100000e+01   5.1305112e+02   1.9441425e+02   5.1305112e+02  -1.7358791e+01  -6.5778947e+00  -1.7358791e+01  -1.4285823e+00  -5.4134325e-01  -1.4285823e+00
   2.7200000e+01   5.1130815e+02   1.9375377e+02   5.1130815e+02  -1.7500095e+01  -6.6314404e+00  -1.7500095e+01  -1.3974924e+00  -5.2956210e-01  -1.3974924e+00
   2.7300000e+01   5.0955120e+02   1.9308800e+02   5.0955120e+02  -1.7638284e+01  -6.6838053e+00  -1.7638284e+01  -1.3662627e+00  -5.1772800e-01  -1.3662627e+00
   2.7400000e+01   5.0778060e+02   1.9241705e+02   5.0778060e+02  -1.7773343e+01  -6.7349842e+00  -1.7773343e+01  -1.3348963e+00  -5.0584213e-01  -1.3348963e+00
   2.7500000e+01   5.0599664e+02   1.9174104e+02   5.0599664e+02  -1.7905259e+01  -6.7849720e+00  -1.7905259e+01  -1.3033965e+00  -4.9390567e-01  -1.3033965e+00
   2.7600000e+01   5.0419965e+02   1.9106009e+02   5.0419965e+02  -1.8034018e+01  -6.8337637e+00  -1.8034018e+01  -1.2717664e+00  -4.8191982e-01  -1.2717664e+00
   2.7700000e+01   5.0238994e+02   1.9037433e+02   5.0238994e+02  -1.8159608e+01  -6.8813544e+00  -1.8159608e+01  -1.2400090e+00  -4.6988578e-01  -1.2400090e+00
   2.7800000e+01   5.0056783e+02   1.8968386e+02   5.0056783e+02  -1.8282016e+01  -6.9277393e+00  -1.8282016e+01  -1.2081277e+00  -4.5780475e-01  -1.2081277e+00
   2.7900000e+01   4.9873364e+02   1.8898882e+02   4.9873364e+02  -1.8401230e+01  -6.9729138e+00  -1.8401230e+01  -1.1761256e+00  -4.4567794e-01  -1.1761256e+00
   2.8000000e+01   4.9688769e+02   1.8828932e+02   4.9688769e+02  -1.8517237e+01  -7.0168734e+00  -1.8517237e+01  -1.1440058e+00  -4.3350657e-01  -1.1440058e+00
   2.8100000e+01   4.9503030e+02   1.8758549e+02   4.9503030e+02  -1.8630027e+01  -7.0596137e+00  -1.8630027e+01  -1.1117717e+00  -4.2129184e-01  -1.1117717e+00
   2.8200000e+01   4.9316180e+02   1.8687744e+02   4.9316180e+02  -1.8739588e+01  -7.1011304e+00  -1.8739588e+01  -1.0794263e+00  -4.0903498e-01  -1.0794263e+00
   2.8300000e+01   4.9128249e+02   1.8616530e+02   4.9128249e+02  -1.8845909e+01  -7.1414193e+00  -1.8845909e+01  -1.0469730e+00  -3.9673723e-01  -1.0469730e+00
   2.8400000e+01   4.8939272e+02   1.8544920e+02   4.8939272e+02  -1.8948979e+01  -7.1804765e+00  -1.8948979e+01  -1.0144151e+00  -3.8439979e-01  -1.0144151e+00
   2.8500000e+01   4.8749281e+02   1.8472925e+02   4.8749281e+02  -1.9048788e+01  -7.2182980e+00  -1.9048788e+01  -9.8175567e-01  -3.7202392e-01  -9.8175567e-01
   2.8600000e+01   4.8558307e+02   1.8400558e+02   4.8558307e+02  -1.9145327e+01  -7.2548801e+00  -1.9145327e+01  -9.4899809e-01  -3.5961085e-01  -9.4899809e-01
   2.8700000e+01   4.8366385e+02   1.8327831e+02   4.8366385e+02  -1.9238585e+01  -7.2902190e+00  -1.9238585e+01  -9.1614560e-01  -3.4716182e-01  -9.1614560e-01
   2.8800000e+01   4.8173547e+02   1.8254758e+02   4.8173547e+02  -1.9328553e+01  -7.3243113e+00  -1.9328553e+01  -8.8320150e-01  -3.3467807e-01  -8.8320150e-01
   2.8900000e+01   4.7979825e+02   1.8181349e+02   4.7979825e+02  -1.9415222e+01  -7.3571535e+00  -1.9415222e+01  -8.5016909e-01  -3.2216085e-01  -8.5016909e-01
   2.9000000e+01   4.7785253e+02   1.8107619e+02   4.7785253e+02  -1.9498584e+01  -7.3887424e+00  -1.9498584e+01  -8.1705165e-01  -3.0961141e-01  -8.1705165e-01
   2.9100000e+01   4.7589864e+02   1.8033579e+02   4.7589864e+02  -1.9578630e+01  -7.4190747e+00  -1.9578630e+01  -7.8385252e-01  -2.9703102e-01  -7.8385252e-01
   2.9200000e+01   4.7393692e+02   1.7959241e+02   4.7393692e+02  -1.9655352e+01  -7.4481476e+00  -1.9655352e+01  -7.5057499e-01  -2.8442092e-01  -7.5057499e-01
   2.9300000e+01   4.7196768e+02   1.7884620e+02   4.7196768e+02  -1.9728742e+01  -7.4759580e+00  -1.9728742e+01  -7.1722242e-01  -2.7178238e-01  -7.1722242e-01
   2.9400000e+01   4.6999128e+02   1.7809727e+02   4.6999128e+02  -1.9798794e+01  -7.5025031e+00  -1.9798794e+01  -6.8379811e-01  -2.5911667e-01  -6.8379811e-01
   2.9500000e+01   4.6800804e+02   1.7734574e+02   4.6800804e+02  -1.9865500e+01  -7.5277804e+00  -1.9865500e+01  -6.5030543e-01  -2.4642504e-01  -6.5030543e-01
   2.9600000e+01   4.6601829e+02   1.7659175e+02   4.6601829e+02  -1.9928853e+01  -7.5517873e+00  -1.9928853e+01  -6.1674772e-01  -2.3370877e-01  -6.1674772e-01
   2.9700000e+01   4.6402238e+02   1.7583543e+02   4.6402238e+02  -1.9988847e+01  -7.5745214e+00  -1.9988847e+01  -5.8312834e-01  -2.2096913e-01  -5.8312834e-01
   2.9800000e+01   4.6202063e+02   1.7507689e+02   4.6202063e+02  -2.0045477e+01  -7.5959804e+00  -2.0045477e+01  -5.4945064e-01  -2.0820739e-01  -5.4945064e-01
   2.9900000e+01   4.6001340e+02   1.7431627e+02   4.6001340e+02  -2.0098735e+01  -7.6161622e+00  -2.0098735e+01  -5.1571800e-01  -1.9542483e-01  -5.1571800e-01
   3.0000000e+01   4.5800100e+02   1.7355370e+02   4.5800100e+02  -2.0148618e+01  -7.6350647e+00  -2.0148618e+01  -4.8193379e-01  -1.8262273e-01  -4.8193379e-01
   3.0100000e+01   4.5598378e+02   1.7278930e+02   4.5598378e+02  -2.0195121e+01  -7.6526861e+00  -2.0195121e+01  -4.4810138e-01  -1.6980237e-01  -4.4810138e-01
   3.0200000e+01   4.5396209e+02   1.7202321e+02   4.5396209e+02  -2.0238237e+01  -7.6690246e+00  -2.0238237e+01  -4.1422417e-01  -1.5696502e-01  -4.1422417e-01
   3.0300000e+01   4.5193625e+02   1.7125554e+02   4.5193625e+02  -2.0277964e+01  -7.6840786e+00  -2.0277964e+01  -3.8030553e-01  -1.4411198e-01  -3.8030553e-01
   3.0400000e+01   4.4990661e+02   1.7048643e+02   4.4990661e+02  -2.0314297e+01  -7.6978466e+00  -2.0314297e+01  -3.4634886e-01  -1.3124453e-01  -3.4634886e-01
   3.0500000e+01   4.4787350e+02   1.6971601e+02   4.4787350e+02  -2.0347233e+01  -7.7103271e+00  -2.0347233e+01  -3.1235756e-01  -1.1836396e-01  -3.1235756e-01
   3.0600000e+01   4.4583728e+02   1.6894441e+02   4.4583728e+02  -2.0376768e+01  -7.7215189e+00  -2.0376768e+01  -2.7833502e-01  -1.0547155e-01  -2.7833502e-01
   3.0700000e+01   4.4379826e+02   1.6817175e+02   4.4379826e+02  -2.0402899e+01  -7.7314210e+00  -2.0402899e+01  -2.4428465e-01  -9.2568587e-02  -2.4428465e-01
   3.0800000e+01   4.4175681e+02   1.6739817e+02   4.4175681e+02  -2.0425624e+01  -7.7400324e+00  -2.0425624e+01  -2.1020985e-01  -7.9656372e-02  -2.1020985e-01
   3.0900000e+01   4.3971325e+02   1.6662379e+02   4.3971325e+02  -2.0444940e+01  -7.7473520e+00  -2.0444940e+01  -1.7611403e-01  -6.6736191e-02  -1.7611403e-01
   3.1000000e+01   4.3766794e+02   1.6584874e+02   4.3766794e+02  -2.0460846e+01  -7.7533794e+00  -2.0460846e+01  -1.4200060e-01  -5.3809337e-02  -1.4200060e-01
   3.1100000e+01   4.3562120e+02   1.6507316e+02   4.3562120e+02  -2.0473340e+01  -7.7581137e+00  -2.0473340e+01  -1.0787297e-01  -4.0877102e-02  -1.0787297e-01
   3.1200000e+01   4.3357338e+02   1.6429716e+02   4.3357338e+02  -2.0482420e+01  -7.7615547e+00  -2.0482420e+01  -7.3734553e-02  -2.7940779e-02  -7.3734553e-02
   3.1300000e+01   4.3152483e+02   1.6352089e+02   4.3152483e+02  -2.0488086e+01  -7.7637018e+00  -2.0488086e+01  -3.9588762e-02  -1.5001662e-02  -3.9588762e-02
   3.1400000e+01   4.2947588e+02   1.6274446e+02   4.2947588e+02  -2.0490338e+01  -7.7645549e+00  -2.0490338e+01  -5.4390109e-03  -2.0610445e-03  -5.4390109e-03
   3.1500000e+01   4.2742687e+02   1.6196802e+02   4.2742687e+02  -2.0489174e+01  -7.7641140e+00  -2.0489174e+01   2.8711284e-02   1.0879779e-02   2.8711284e-02
   3.1600000e+01   4.2537816e+02   1.6119169e+02   4.2537816e+02  -2.0484596e+01  -7.7623790e+00  -2.0484596e+01   6.2858707e-02   2.3819514e-02   6.2858707e-02
   3.1700000e+01   4.2333007e+02   1.6041559e+02   4.2333007e+02  -2.0476603e+01  -7.7593502e+00  -2.0476603e+01   9.6999845e-02   3.6756867e-02   9.6999845e-02
   3.1800000e+01   4.2128295e+02   1.5963986e+02   4.2128295e+02  -2.0465196e+01  -7.7550278e+00  -2.0465196e+01   1.3113128e-01   4.9690545e-02   1.3113128e-01
   3.1900000e+01   4.1923714e+02   1.5886463e+02   4.1923714e+02  -2.0450377e+01  -7.7494122e+00  -2.0450377e+01   1.6524961e-01   6.2619254e-02   1.6524961e-01
   3.2000000e+01   4.1719299e+02   1.5809002e+02   4.1719299e+02  -2.0432147e+01  -7.7425041e+00  -2.0432147e+01   1.9935141e-01   7.5541700e-02   1.9935141e-01
   3.2100000e+01   4.1515083e+02   1.5731617e+02   4.1515083e+02  -2.0410507e+01  -7.7343041e+00  -2.0410507e+01   2.3343327e-01   8.8456593e-02   2.3343327e-01
   3.2200000e+01   4.1311100e+02   1.5654320e+02   4.1311100e+02  -2.0385461e+01  -7.7248131e+00  -2.0385461e+01   2.6749179e-01   1.0136264e-01   2.6749179e-01
   3.2300000e+01   4.1107385e+02   1.5577125e+02   4.1107385e+02  -2.0357010e+01  -7.7140320e+00  -2.0357010e+01   3.0152357e-01   1.1425855e-01   3.0152357e-01
   3.2400000e+01   4.0903971e+02   1.5500044e+02   4.0903971e+02  -2.0325157e+01  -7.7019618e+00  -2.0325157e+01   3.3552519e-01   1.2714304e-01   3.3552519e-01
   3.2500000e+01   4.0700893e+02   1.5423090e+02   4.0700893e+02  -2.0289906e+01  -7.6886038e+00  -2.0289906e+01   3.6949326e-01   1.4001481e-01   3.6949326e-01
   3.2600000e+01   4.0498184e+02   1.5346276e+02   4.0498184e+02  -2.0251260e+01  -7.6739593e+00  -2.0251260e+01   4.0342438e-01   1.5287258e-01   4.0342438e-01
   3.2700000e+01   4.0295879e+02   1.5269615e+02   4.0295879e+02  -2.0209222e+01  -7.6580298e+00  -2.0209222e+01   4.3731515e-01   1.6571506e-01   4.3731515e-01
   3.2800000e+01   4.0094011e+02   1.5193120e+02   4.0094011e+02  -2.0163798e+01  -7.6408168e+00  -2.0163798e+01   4.7116220e-01   1.7854097e-01   4.7116220e-01
   3.2900000e+01   3.9892614e+02   1.5116803e+02   3.9892614e+02  -2.0114991e+01  -7.6223222e+00  -2.0114991e+01   5.0496213e-01   1.9134903e-01   5.0496213e-01
   3.3000000e+01   3.9691723e+02   1.5040677e+02   3.9691723e+02  -2.0062807e+01  -7.6025477e+00  -2.0062807e+01   5.3871156e-01   2.0413795e-01   5.3871156e-01
   3.3100000e+01   3.9491370e+02   1.4964756e+02   3.9491370e+02  -2.0007251e+01  -7.5814953e+00  -2.0007251e+01   5.7240713e-01   2.1690646e-01   5.7240713e-01
   3.3200000e+01   3.9291589e+02   1.4889052e+02   3.9291589e+02  -1.9948328e+01  -7.5591671e+00  -1.9948328e+01   6.0604545e-01   2.2965328e-01   6.0604545e-01
   3.3300000e+01   3.9092414e+02   1.4813577e+02   3.9092414e+02  -1.9886044e+01  -7.5355654e+00  -1.9886044e+01   6.3962317e-01   2.4237713e-01   6.3962317e-01
   3.3400000e+01   3.8893879e+02   1.4738345e+02   3.8893879e+02  -1.9820405e+01  -7.5106925e+00  -1.9820405e+01   6.7313693e-01   2.5507675e-01   6.7313693e-01
   3.3500000e+01   3.8696017e+02   1.4663367e+02   3.8696017e+02  -1.9751419e+01  -7.4845509e+00  -1.9751419e+01   7.0658337e-01   2.6775085e-01   7.0658337e-01
   3.3600000e+01   3.8498862e+02   1.4588658e+02   3.8498862e+02  -1.9679091e+01  -7.4571432e+00  -1.9679091e+01   7.3995916e-01   2.8039819e-01   7.3995916e-01
   3.3700000e+01   3.8302447e+02   1.4514229e+02   3.8302447e+02  -1.9603429e+01  -7.4284722e+00  -1.9603429e+01   7.7326095e-01   2.9301748e-01   7.7326095e-01
   3.3800000e+01   3.8106804e+02   1.4440093e+02   3.8106804e+02  -1.9524441e+01  -7.3985407e+00  -1.9524441e+01   8.0648542e-01   3.0560747e-01   8.0648542e-01
   3.3900000e+01   3.7911969e+02   1.4366262e+02   3.7911969e+02  -1.9442135e+01  -7.3673517e+00  -1.9442135e+01   8.3962924e-01   3.1816690e-01   8.3962924e-01
   3.4000000e+01   3.7717973e+02   1.4292750e+02   3.7717973e+02  -1.9356518e+01  -7.3349083e+00  -1.9356518e+01   8.7268909e-01   3.3069452e-01   8.7268909e-01
   3.4100000e+01   3.7524849e+02   1.4219568e+02   3.7524849e+02  -1.9267600e+01  -7.3012139e+00  -1.9267600e+01   9.0566168e-01   3.4318907e-01   9.0566168e-01
   3.4200000e+01   3.7332632e+02   1.4146730e+02   3.7332632e+02  -1.9175389e+01  -7.2662717e+00  -1.9175389e+01   9.3854370e-01   3.5564929e-01   9.3854370e-01
   3.4300000e+01   3.7141353e+02   1.4074247e+02   3.7141353e+02  -1.9079894e+01  -7.2300852e+00  -1.9079894e+01   9.7133187e-01   3.6807396e-01   9.7133187e-01
   3.4400000e+01   3.6951045e+02   1.4002132e+02   3.6951045e+02  -1.8981126e+01  -7.1926581e+00  -1.8981126e+01   1.0040229e+00   3.8046181e-01   1.0040229e+00
   3.4500000e+01   3.6761741e+02   1.3930398e+02   3.6761741e+02  -1.8879093e+01  -7.1539941e+00  -1.8879093e+01   1.0366135e+00   3.9281162e-01   1.0366135e+00
   3.4600000e+01   3.6573474e+02   1.3859056e+02   3.6573474e+02  -1.8773807e+01  -7.1140971e+00  -1.8773807e+01   1.0691005e+00   4.0512215e-01   1.0691005e+00
   3.4700000e+01   3.6386276e+02   1.3788120e+02   3.6386276e+02  -1.8665277e+01  -7.0729710e+00  -1.8665277e+01   1.1014806e+00   4.1739217e-01   1.1014806e+00
   3.4800000e+01   3.6200179e+02   1.3717601e+02   3.6200179e+02  -1.8553514e+01  -7.0306201e+00  -1.8553514e+01   1.1337505e+00   4.2962045e-01   1.1337505e+00
   3.4900000e+01   3.6015216e+02   1.3647512e+02   3.6015216e+02  -1.8438530e+01  -6.9870484e+00  -1.8438530e+01   1.1659070e+00   4.4180576e-01   1.1659070e+00
   3.5000000e+01   3.5831419e+02   1.3577864e+02   3.5831419e+02  -1.8320337e+01  -6.9422604e+00  -1.8320337e+01   1.1979470e+00   4.5394690e-01   1.1979470e+00
   3.5100000e+01   3.5648820e+02   1.3508671e+02   3.5648820e+02  -1.8198945e+01  -6.8962605e+00  -1.8198945e+01   1.2298672e+00   4.6604264e-01   1.2298672e+00
   3.5200000e+01   3.5467451e+02   1.3439943e+02   3.5467451e+02  -1.8074367e+01  -6.8490534e+00  -1.8074367e+01   1.2616643e+00   4.7809178e-01   1.2616643e+00
   3.5300000e+01   3.5287343e+02   1.3371693e+02   3.5287343e+02  -1.7946616e+01  -6.8006438e+00  -1.7946616e+01   1.2933353e+00   4.9009311e-01   1.2933353e+00
   3.5400000e+01   3.5108529e+02   1.3303934e+02   3.5108529e+02  -1.7815704e+01  -6.7510364e+00  -1.7815704e+01   1.3248770e+00   5.0204543e-01   1.3248770e+00
   3.5500000e+01   3.4931040e+02   1.3236677e+02   3.4931040e+02  -1.7681645e+01  -6.7002363e+00  -1.7681645e+01   1.3562862e+00   5.1394755e-01   1.3562862e+00
   3.5600000e+01   3.4754907e+02   1.3169933e+02   3.4754907e+02  -1.7544452e+01  -6.6482486e+00  -1.7544452e+01   1.3875598e+00   5.2579827e-01   1.3875598e+00
   3.5700000e+01   3.4580161e+02   1.3103716e+02   3.4580161e+02  -1.7404138e+01  -6.5950784e+00  -1.7404138e+01   1.4186946e+00   5.3759641e-01   1.4186946e+00
   3.5800000e+01   3.4406834e+02   1.3038036e+02   3.4406834e+02  -1.7260718e+01  -6.5407311e+00  -1.7260718e+01   1.4496875e+00   5.4934080e-01   1.4496875e+00
   3.5900000e+01   3.4234957e+02   1.2972905e+02   3.4234957e+02  -1.7114205e+01  -6.4852121e+00  -1.7114205e+01   1.4805355e+00   5.6103025e-01   1.4805355e+00
   3.6000000e+01   3.4064560e+02   1.2908335e+02   3.4064560e+02  -1.6964615e+01  -6.4285269e+00  -1.6964615e+01   1.5112354e+00   5.7266359e-01   1.5112354e+00
   3.6100000e+01   3.3895675e+02   1.2844338e+02   3.3895675e+02  -1.6811963e+01  -6.3706813e+00  -1.6811963e+01   1.5417842e+00   5.8423967e-01   1.5417842e+00
   3.6200000e+01   3.3728331e+02   1.2780926e+02   3.3728331e+02  -1.6656264e+01  -6.3116810e+00  -1.6656264e+01   1.5721788e+00   5.9575733e-01   1.5721788e+00
   3.6300000e+01   3.3562560e+02   1.2718109e+02   3.3562560e+02  -1.6497533e+01  -6.2515318e+00  -1.6497533e+01   1.6024162e+00   6.0721542e-01   1.6024162e+00
   3.6400000e+01   3.3398391e+02   1.2655899e+02   3.3398391e+02  -1.6335786e+01  -6.1902399e+00  -1.6335786e+01   1.6324934e+00   6.1861278e-01   1.6324934e+00
   3.6500000e+01   3.3235854e+02   1.2594308e+02   3.3235854e+02  -1.6171039e+01  -6.1278113e+00  -1.6171039e+01   1.6624073e+00   6.2994828e-01   1.6624073e+00
   3.6600000e+01   3.3074980e+02   1.2533346e+02   3.3074980e+02  -1.6003310e+01  -6.0642523e+00  -1.6003310e+01   1.6921550e+00   6.4122078e-01   1.6921550e+00
   3.6700000e+01   3.2915798e+02   1.2473026e+02   3.2915798e+02  -1.5832614e+01  -5.9995693e+00  -1.5832614e+01   1.7217335e+00   6.5242917e-01   1.7217335e+00
   3.6800000e+01   3.2758337e+02   1.2413359e+02   3.2758337e+02  -1.5658969e+01  -5.9337687e+00  -1.5658969e+01   1.7511398e+00   6.6357231e-01   1.7511398e+00
   3.6900000e+01   3.2602628e+02   1.2354355e+02   3.2602628e+02  -1.5482392e+01  -5.8668571e+00  -1.5482392e+01   1.7803709e+00   6.7464910e-01   1.7803709e+00
   3.7000000e+01   3.2448699e+02   1.2296025e+02   3.2448699e+02  -1.5302901e+01  -5.7988411e+00  -1.5302901e+01   1.8094241e+00   6.8565842e-01   1.8094241e+00
   3.7100000e+01   3.2296580e+02   1.2238381e+02   3.2296580e+02  -1.5120513e+01  -5.7297277e+00  -1.5120513e+01   1.8382963e+00   6.9659918e-01   1.8382963e+00
   3.7200000e+01   3.2146299e+02   1.2181434e+02   3.2146299e+02  -1.4935248e+01  -5.6595236e+00  -1.4935248e+01   1.8669846e+00   7.0747027e-01   1.8669846e+00
   3.7300000e+01   3.1997884e+02   1.2125195e+02   3.1997884e+02  -1.4747122e+01  -5.5882360e+00  -1.4747122e+01   1.8954863e+00   7.1827062e-01   1.8954863e+00
   3.7400000e+01   3.1851366e+02   1.2069673e+02   3.1851366e+02  -1.4556157e+01  -5.5158719e+00  -1.4556157e+01   1.9237985e+00   7.2899915e-01   1.9237985e+00
   3.7500000e+01   3.1706771e+02   1.2014881e+02   3.1706771e+02  -1.4362369e+01  -5.4424386e+00  -1.4362369e+01   1.9519182e+00   7.3965477e-01   1.9519182e+00
   3.7600000e+01   3.1564128e+02   1.1960828e+02   3.1564128e+02  -1.4165779e+01  -5.3679434e+00  -1.4165779e+01   1.9798428e+00   7.5023643e-01   1.9798428e+00
   3.7700000e+01   3.1423464e+02   1.1907525e+02   3.1423464e+02  -1.3966407e+01  -5.2923938e+00  -1.3966407e+01   2.0075693e+00   7.6074307e-01   2.0075693e+00
   3.7800000e+01   3.1284809e+02   1.1854983e+02   3.1284809e+02  -1.3764272e+01  -5.2157973e+00  -1.3764272e+01   2.0350952e+00   7.7117363e-01   2.0350952e+00
   3.7900000e+01   3.1148188e+02   1.1803213e+02   3.1148188e+02  -1.3559395e+01  -5.1381616e+00  -1.3559395e+01   2.0624175e+00   7.8152708e-01   2.0624175e+00
   3.8000000e+01   3.1013630e+02   1.1752224e+02   3.1013630e+02  -1.3351796e+01  -5.0594945e+00  -1.3351796e+01   2.0895336e+00   7.9180238e-01   2.0895336e+00
   3.8100000e+01   3.0881161e+02   1.1702026e+02   3.0881161e+02  -1.3141495e+01  -4.9798038e+00  -1.3141495e+01   2.1164407e+00   8.0199849e-01   2.1164407e+00
   3.8200000e+01   3.0750809e+02   1.1652631e+02   3.0750809e+02  -1.2928515e+01  -4.8990975e+00  -1.2928515e+01   2.1431362e+00   8.1211441e-01   2.1431362e+00
   3.8300000e+01   3.0622600e+02   1.1604048e+02   3.0622600e+02  -1.2712875e+01  -4.8173836e+00  -1.2712875e+01   2.1696173e+00   8.2214911e-01   2.1696173e+00
   3.8400000e+01   3.0496560e+02   1.1556287e+02   3.0496560e+02  -1.2494598e+01  -4.7346704e+00  -1.2494598e+01   2.1958815e+00   8.3210160e-01   2.1958815e+00
   3.8500000e+01   3.0372716e+02   1.1509358e+02   3.0372716e+02  -1.2273706e+01  -4.6509661e+00  -1.2273706e+01   2.2219262e+00   8.4197088e-01   2.2219262e+00
   3.8600000e+01   3.0251095e+02   1.1463271e+02   3.0251095e+02  -1.2050221e+01  -4.5662790e+00  -1.2050221e+01   2.2477486e+00   8.5175597e-01   2.2477486e+00
   3.8700000e+01   3.0131721e+02   1.1418035e+02   3.0131721e+02  -1.1824164e+01  -4.4806177e+00  -1.1824164e+01   2.2733463e+00   8.6145588e-01   2.2733463e+00
   3.8800000e+01   3.0014620e+02   1.1373661e+02   3.0014620e+02  -1.1595559e+01  -4.3939907e+00  -1.1595559e+01   2.2987166e+00   8.7106964e-01   2.2987166e+00
   3.8900000e+01   2.9899818e+02   1.1330159e+02   2.9899818e+02  -1.1364428e+01  -4.3064067e+00  -1.1364428e+01   2.3238570e+00   8.8059630e-01   2.3238570e+00
   3.9000000e+01   2.9787340e+02   1.1287536e+02   2.9787340e+02  -1.1130795e+01  -4.2178744e+00  -1.1130795e+01   2.3487651e+00   8.9003490e-01   2.3487651e+00
   3.9100000e+01   2.9677210e+02   1.1245804e+02   2.9677210e+02  -1.0894683e+01  -4.1284027e+00  -1.0894683e+01   2.3734383e+00   8.9938450e-01   2.3734383e+00
   3.9200000e+01   2.9569454e+02   1.1204972e+02   2.9569454e+02  -1.0656115e+01  -4.0380005e+00  -1.0656115e+01   2.3978742e+00   9.0864416e-01   2.3978742e+00
   3.9300000e+01   2.9464096e+02   1.1165047e+02   2.9464096e+02  -1.0415116e+01  -3.9466769e+00  -1.0415116e+01   2.4220702e+00   9.1781296e-01   2.4220702e+00
   3.9400000e+01   2.9361160e+02   1.1126041e+02   2.9361160e+02  -1.0171709e+01  -3.8544410e+00  -1.0171709e+01   2.4460241e+00   9.2688997e-01   2.4460241e+00
   3.9500000e+01   2.9260670e+02   1.1087962e+02   2.9260670e+02  -9.9259195e+00  -3.7613020e+00  -9.9259195e+00   2.4697334e+00   9.3587430e-01   2.4697334e+00
   3.9600000e+01   2.9162649e+02   1.1050818e+02   2.9162649e+02  -9.6777710e+00  -3.6672692e+00  -9.6777710e+00   2.4931957e+00   9.4476504e-01   2.4931957e+00
   3.9700000e+01   2.9067122e+02   1.1014619e+02   2.9067122e+02  -9.4272887e+00  -3.5723521e+00  -9.4272887e+00   2.5164086e+00   9.5356130e-01   2.5164086e+00
   3.9800000e+01   2.8974111e+02   1.0979374e+02   2.8974111e+02  -9.1744977e+00  -3.4765601e+00  -9.1744977e+00   2.5393700e+00   9.6226221e-01   2.5393700e+00
   3.9900000e+01   2.8883640e+02   1.0945091e+02   2.8883640e+02  -8.9194232e+00  -3.3799029e+00  -8.9194232e+00   2.5620774e+00   9.7086690e-01   2.5620774e+00
   4.0000000e+01   2.8795730e+02   1.0911779e+02   2.8795730e+02  -8.6620907e+00  -3.2823900e+00  -8.6620907e+00   2.5845286e+00   9.7937450e-01   2.5845286e+00
   4.0100000e+01   2.8710405e+02   1.0879446e+02   2.8710405e+02  -8.4025261e+00  -3.1840312e+00  -8.4025261e+00   2.6067213e+00   9.8778416e-01   2.6067213e+00
   4.0200000e+01   2.8627687e+02   1.0848101e+02   2.8627687e+02  -8.1407552e+00  -3.0848364e+00  -8.1407552e+00   2.6286534e+00   9.9609504e-01   2.6286534e+00
   4.0300000e+01   2.8547598e+02   1.0817752e+02   2.8547598e+02  -7.8768042e+00  -2.9848155e+00  -7.8768042e+00   2.6503226e+00   1.0043063e+00   2.6503226e+00
   4.0400000e+01   2.8470158e+02   1.0788407e+02   2.8470158e+02  -7.6106995e+00  -2.8839785e+00  -7.6106995e+00   2.6717268e+00   1.0124172e+00   2.6717268e+00
   4.0500000e+01   2.8395391e+02   1.0760075e+02   2.8395391e+02  -7.3424677e+00  -2.7823355e+00  -7.3424677e+00   2.6928638e+00   1.0204268e+00   2.6928638e+00
   4.0600000e+01   2.8323316e+02   1.0732763e+02   2.8323316e+02  -7.0721357e+00  -2.6798966e+00  -7.0721357e+00   2.7137316e+00   1.0283343e+00   2.7137316e+00
   4.0700000e+01   2.8253955e+02   1.0706480e+02   2.8253955e+02  -6.7997304e+00  -2.5766721e+00  -6.7997304e+00   2.7343279e+00   1.0361391e+00   2.7343279e+00
   4.0800000e+01   2.8187328e+02   1.0681232e+02   2.8187328e+02  -6.5252792e+00  -2.4726722e+00  -6.5252792e+00   2.7546508e+00   1.0438402e+00   2.7546508e+00
   4.0900000e+01   2.8123456e+02   1.0657029e+02   2.8123456e+02  -6.2488095e+00  -2.3679075e+00  -6.2488095e+00   2.7746983e+00   1.0514369e+00   2.7746983e+00
   4.1000000e+01   2.8062359e+02   1.0633877e+02   2.8062359e+02  -5.9703488e+00  -2.2623883e+00  -5.9703488e+00   2.7944683e+00   1.0589285e+00   2.7944683e+00
   4.1100000e+01   2.8004056e+02   1.0611783e+02   2.8004056e+02  -5.6899251e+00  -2.1561253e+00  -5.6899251e+00   2.8139589e+00   1.0663142e+00   2.8139589e+00
   4.1200000e+01   2.7948566e+02   1.0590757e+02   2.7948566e+02  -5.4075664e+00  -2.0491291e+00  -5.4075664e+00   2.8331680e+00   1.0735933e+00   2.8331680e+00
   4.1300000e+01   2.7895911e+02   1.0570803e+02   2.7895911e+02  -5.1233009e+00  -1.9414102e+00  -5.1233009e+00   2.8520939e+00   1.0807650e+00   2.8520939e+00
   4.1400000e+01   2.7846107e+02   1.0551931e+02   2.7846107e+02  -4.8371571e+00  -1.8329797e+00  -4.8371571e+00   2.8707345e+00   1.0878286e+00   2.8707345e+00
   4.1500000e+01   2.7799174e+02   1.0534146e+02   2.7799174e+02  -4.5491636e+00  -1.7238482e+00  -4.5491636e+00   2.8890881e+00   1.0947835e+00   2.8890881e+00
   4.1600000e+01   2.7755130e+02   1.0517456e+02   2.7755130e+02  -4.2593492e+00  -1.6140266e+00  -4.2593492e+00   2.9071527e+00   1.1016288e+00   2.9071527e+00
   4.1700000e+01   2.7713993e+02   1.0501868e+02   2.7713993e+02  -3.9677428e+00  -1.5035261e+00  -3.9677428e+00   2.9249267e+00   1.1083641e+00   2.9249267e+00
   4.1800000e+01   2.7675781e+02   1.0487388e+02   2.7675781e+02  -3.6743736e+00  -1.3923575e+00  -3.6743736e+00   2.9424081e+00   1.1149884e+00   2.9424081e+00
   4.1900000e+01   2.7640511e+02   1.0474023e+02   2.7640511e+02  -3.3792709e+00  -1.2805321e+00  -3.3792709e+00   2.9595954e+00   1.1215013e+00   2.9595954e+00
   4.2000000e+01   2.7608201e+02   1.0461779e+02   2.7608201e+02  -3.0824644e+00  -1.1680610e+00  -3.0824644e+00   2.9764866e+00   1.1279020e+00   2.9764866e+00
   4.2100000e+01   2.7578867e+02   1.0450664e+02   2.7578867e+02  -2.7839835e+00  -1.0549554e+00  -2.7839835e+00   2.9930802e+00   1.1341900e+00   2.9930802e+00
   4.2200000e+01   2.7552527e+02   1.0440682e+02   2.7552527e+02  -2.4838583e+00  -9.4122676e-01  -2.4838583e+00   3.0093745e+00   1.1403645e+00   3.0093745e+00
   4.2300000e+01   2.7529195e+02   1.0431841e+02   2.7529195e+02  -2.1821187e+00  -8.2688633e-01  -2.1821187e+00   3.0253679e+00   1.1464250e+00   3.0253679e+00
   4.2400000e+01   2.7508890e+02   1.0424147e+02   2.7508890e+02  -1.8787948e+00  -7.1194558e-01  -1.8787948e+00   3.0410588e+00   1.1523708e+00   3.0410588e+00
   4.2500000e+01   2.7491625e+02   1.0417604e+02   2.7491625e+02  -1.5739171e+00  -5.9641601e-01  -1.5739171e+00   3.0564455e+00   1.1582015e+00   3.0564455e+00
   4.2600000e+01   2.7477416e+02   1.0412220e+02   2.7477416e+02  -1.2675159e+00  -4.8030915e-01  -1.2675159e+00   3.0715266e+00   1.1639162e+00   3.0715266e+00
   4.2700000e+01   2.7466279e+02   1.0408000e+02   2.7466279e+02  -9.5962197e-01  -3.6363664e-01  -9.5962197e-01   3.0863005e+00   1.1695146e+00   3.0863005e+00
   4.2800000e+01   2.7458229e+02   1.0404949e+02   2.7458229e+02  -6.5026607e-01  -2.4641012e-01  -6.5026607e-01   3.1007659e+00   1.1749961e+00   3.1007659e+00
   4.2900000e+01   2.7453279e+02   1.0403074e+02   2.7453279e+02  -3.3947913e-01  -1.2864133e-01  -3.3947913e-01   3.1149211e+00   1.1803600e+00   3.1149211e+00
   4.3000000e+01   2.7451444e+02   1.0402378e+02   2.7451444e+02  -2.7292234e-02  -1.0342048e-02  -2.7292234e-02   3.1287649e+00   1.1856060e+00   3.1287649e+00
   4.3100000e+01   2.7452737e+02   1.0402868e+02   2.7452737e+02   2.8626341e-01   1.0847591e-01   2.8626341e-01   3.1422957e+00   1.1907333e+00   3.1422957e+00
   4.3200000e+01   2.7457173e+02   1.0404549e+02   2.7457173e+02   6.0115644e-01   2.2780065e-01   6.0115644e-01   3.1555124e+00   1.1957416e+00   3.1555124e+00
   4.3300000e+01   2.7464765e+02   1.0407426e+02   2.7464765e+02   9.1735537e-01   3.4762024e-01   9.1735537e-01   3.1684135e+00   1.2006303e+00   3.1684135e+00
   4.3400000e+01   2.7475525e+02   1.0411503e+02   2.7475525e+02   1.2348286e+00   4.6792271e-01   1.2348286e+00   3.1809978e+00   1.2053990e+00   3.1809978e+00
   4.3500000e+01   2.7489466e+02   1.0416786e+02   2.7489466e+02   1.5535443e+00   5.8869602e-01   1.5535443e+00   3.1932639e+00   1.2100471e+00   3.1932639e+00
   4.3600000e+01   2.7506600e+02   1.0423279e+02   2.7506600e+02   1.8734707e+00   7.0992809e-01   1.8734707e+00   3.2052108e+00   1.2145742e+00   3.2052108e+00
   4.3700000e+01   2.7526939e+02   1.0430986e+02   2.7526939e+02   2.1945758e+00   8.3160681e-01   2.1945758e+00   3.2168371e+00   1.2189798e+00   3.2168371e+00
   4.3800000e+01   2.7550495e+02   1.0439912e+02   2.7550495e+02   2.5168274e+00   9.5371999e-01   2.5168274e+00   3.2281418e+00   1.2232636e+00   3.2281418e+00
   4.3900000e+01   2.7577279e+02   1.0450062e+02   2.7577279e+02   2.8401934e+00   1.0762554e+00   2.8401934e+00   3.2391236e+00   1.2274250e+00   3.2391236e+00
   4.4000000e+01   2.7607303e+02   1.0461439e+02   2.7607303e+02   3.1646413e+00   1.1992009e+00   3.1646413e+00   3.2497815e+00   1.2314637e+00   3.2497815e+00
   4.4100000e+01   2.7640576e+02   1.0474047e+02   2.7640576e+02   3.4901389e+00   1.3225441e+00   3.4901389e+00   3.2601145e+00   1.2353792e+00   3.2601145e+00
   4.4200000e+01   2.7677109e+02   1.0487891e+02   2.7677109e+02   3.8166534e+00   1.4462726e+00   3.8166534e+00   3.2701214e+00   1.2391712e+00   3.2701214e+00
   4.4300000e+01   2.7716912e+02   1.0502974e+02   2.7716912e+02   4.1441522e+00   1.5703742e+00   4.1441522e+00   3.2798013e+00   1.2428393e+00   3.2798013e+00
   4.4400000e+01   2.7759995e+02   1.0519300e+02   2.7759995e+02   4.4726027e+00   1.6948364e+00   4.4726027e+00   3.2891533e+00   1.2463831e+00   3.2891533e+00
   4.4500000e+01   2.7806367e+02   1.0536872e+02   2.7806367e+02   4.8019719e+00   1.8196467e+00   4.8019719e+00   3.2981763e+00   1.2498023e+00   3.2981763e+00
   4.4600000e+01   2.7856037e+02   1.0555694e+02   2.7856037e+02   5.1322270e+00   1.9447927e+00   5.1322270e+00   3.3068696e+00   1.2530965e+00   3.3068696e+00
   4.4700000e+01   2.7909014e+02   1.0575769e+02   2.7909014e+02   5.4633348e+00   2.0702618e+00   5.4633348e+00   3.3152321e+00   1.2562654e+00   3.3152321e+00
   4.4800000e+01   2.7965307e+02   1.0597100e+02   2.7965307e+02   5.7952623e+00   2.1960415e+00   5.7952623e+00   3.3232631e+00   1.2593086e+00   3.3232631e+00
   4.4900000e+01   2.8024922e+02   1.0619691e+02   2.8024922e+02   6.1279764e+00   2.3221193e+00   6.1279764e+00   3.3309618e+00   1.2622260e+00   3.3309618e+00
   4.5000000e+01   2.8087869e+02   1.0643543e+02   2.8087869e+02   6.4614436e+00   2.4484825e+00   6.4614436e+00   3.3383274e+00   1.2650171e+00   3.3383274e+00
   4.5100000e+01   2.8154154e+02   1.0668661e+02   2.8154154e+02   6.7956307e+00   2.5751185e+00   6.7956307e+00   3.3453592e+00   1.2676817e+00   3.3453592e+00
   4.5200000e+01   2.8223784e+02   1.0695047e+02   2.8223784e+02   7.1305043e+00   2.7020146e+00   7.1305043e+00   3.3520565e+00   1.2702195e+00   3.3520565e+00
   4.5300000e+01   2.8296766e+02   1.0722702e+02   2.8296766e+02   7.4660308e+00   2.8291582e+00   7.4660308e+00   3.3584185e+00   1.2726303e+00   3.3584185e+00
   4.5400000e+01   2.8373106e+02   1.0751631e+02   2.8373106e+02   7.8021768e+00   2.9565365e+00   7.8021768e+00   3.3644447e+00   1.2749139e+00   3.3644447e+00
   4.5500000e+01   2.8452811e+02   1.0781834e+02   2.8452811e+02   8.1389086e+00   3.0841367e+00   8.1389086e+00   3.3701345e+00   1.2770699e+00   3.3701345e+00
   4.5600000e+01   2.8535886e+02   1.0813314e+02   2.8535886e+02   8.4761925e+00   3.2119462e+00   8.4761925e+00   3.3754872e+00   1.2790983e+00   3.3754872e+00
   4.5700000e+01   2.8622337e+02   1.0846073e+02   2.8622337e+02   8.8139948e+00   3.3399521e+00   8.8139948e+00   3.3805024e+00   1.2809987e+00   3.3805024e+00
   4.5800000e+01   2.8712168e+02   1.0880114e+02   2.8712168e+02   9.1522817e+00   3.4681417e+00   9.1522817e+00   3.3851796e+00   1.2827711e+00   3.3851796e+00
   4.5900000e+01   2.8805384e+02   1.0915437e+02   2.8805384e+02   9.4910194e+00   3.5965020e+00   9.4910194e+00   3.3895182e+00   1.2844152e+00   3.3895182e+00
   4.6000000e+01   2.8901990e+02   1.0952044e+02   2.8901990e+02   9.8301740e+00   3.7250204e+00   9.8301740e+00   3.3935179e+00   1.2859308e+00   3.3935179e+00
   4.6100000e+01   2.9001989e+02   1.0989938e+02   2.9001989e+02   1.0169712e+01   3.8536839e+00   1.0169712e+01   3.3971782e+00   1.2873178e+00   3.3971782e+00
   4.6200000e+01   2.9105385e+02   1.1029118e+02   2.9105385e+02   1.0509598e+01   3.9824797e+00   1.0509598e+01   3.4004989e+00   1.2885761e+00   3.4004989e+00
   4.6300000e+01   2.9212182e+02   1.1069588e+02   2.9212182e+02   1.0849800e+01   4.1113948e+00   1.0849800e+01   3.4034794e+00   1.2897056e+00   3.4034794e+00
   4.6400000e+01   2.9322382e+02   1.1111347e+02   2.9322382e+02   1.1190283e+01   4.2404165e+00   1.1190283e+01   3.4061197e+00   1.2907061e+00   3.4061197e+00
   4.6500000e+01   2.9435988e+02   1.1154396e+02   2.9435988e+02   1.1531013e+01   4.3695318e+00   1.1531013e+01   3.4084193e+00   1.2915775e+00   3.4084193e+00
   4.6600000e+01   2.9553003e+02   1.1198738e+02   2.9553003e+02   1.1871955e+01   4.4987277e+00   1.1871955e+01   3.4103781e+00   1.2923197e+00   3.4103781e+00
   4.6700000e+01   2.9673428e+02   1.1244371e+02   2.9673428e+02   1.2213077e+01   4.6279914e+00   1.2213077e+01   3.4119958e+00   1.2929328e+00   3.4119958e+00
   4.6800000e+01   2.9797265e+02   1.1291298e+02   2.9797265e+02   1.2554343e+01   4.7573099e+00   1.2554343e+01   3.4132724e+00   1.2934165e+00   3.4132724e+00
   4.6900000e+01   2.9924515e+02   1.1339517e+02   2.9924515e+02   1.2895720e+01   4.8866704e+00   1.2895720e+01   3.4142076e+00   1.2937709e+00   3.4142076e+00
   4.7000000e+01   3.0055180e+02   1.1389031e+02   3.0055180e+02   1.3237173e+01   5.0160598e+00   1.3237173e+01   3.4148014e+00   1.2939959e+00   3.4148014e+00
   4.7100000e+01   3.0189259e+02   1.1439839e+02   3.0189259e+02   1.3578669e+01   5.1454653e+00   1.3578669e+01   3.4150538e+00   1.2940915e+00   3.4150538e+00
   4.7200000e+01   3.0326753e+02   1.1491940e+02   3.0326753e+02   1.3920173e+01   5.2748738e+00   1.3920173e+01   3.4149646e+00   1.2940577e+00   3.4149646e+00
   4.7300000e+01   3.0467662e+02   1.1545336e+02   3.0467662e+02   1.4261650e+01   5.4042725e+00   1.4261650e+01   3.4145339e+00   1.2938946e+00   3.4145339e+00
   4.7400000e+01   3.0611986e+02   1.1600026e+02   3.0611986e+02   1.4603068e+01   5.5336484e+00   1.4603068e+01   3.4137618e+00   1.2936020e+00   3.4137618e+00
   4.7500000e+01   3.0759723e+02   1.1656009e+02   3.0759723e+02   1.4944391e+01   5.6629886e+00   1.4944391e+01   3.4126483e+00   1.2931800e+00   3.4126483e+00
   4.7600000e+01   3.0910873e+02   1.1713285e+02   3.0910873e+02   1.5285586e+01   5.7922801e+00   1.5285586e+01   3.4111936e+00   1.2926288e+00   3.4111936e+00
   4.7700000e+01   3.1065434e+02   1.1771854e+02   3.1065434e+02   1.5626619e+01   5.9215100e+00   1.5626619e+01   3.4093977e+00   1.2919482e+00   3.4093977e+00
   4.7800000e+01   3.1223405e+02   1.1831715e+02   3.1223405e+02   1.5967455e+01   6.0506654e+00   1.5967455e+01   3.4072609e+00   1.2911385e+00   3.4072609e+00
   4.7900000e+01   3.1384783e+02   1.1892867e+02   3.1384783e+02   1.6308060e+01   6.1797334e+00   1.6308060e+01   3.4047834e+00   1.2901997e+00   3.4047834e+00
   4.8000000e+01   3.1549565e+02   1.1955310e+02   3.1549565e+02   1.6648400e+01   6.3087011e+00   1.6648400e+01   3.4019654e+00   1.2891319e+00   3.4019654e+00
   4.8100000e+01   3.1717750e+02   1.2019041e+02   3.1717750e+02   1.6988441e+01   6.4375555e+00   1.6988441e+01   3.3988072e+00   1.2879351e+00   3.3988072e+00
   4.8200000e+01   3.1889333e+02   1.2084060e+02   3.1889333e+02   1.7328150e+01   6.5662838e+00   1.7328150e+01   3.3953091e+00   1.2866096e+00   3.3953091e+00
   4.8300000e+01   3.2064312e+02   1.2150366e+02   3.2064312e+02   1.7667492e+01   6.6948731e+00   1.7667492e+01   3.3914715e+00   1.2851553e+00   3.3914715e+00
   4.8400000e+01   3.2242682e+02   1.2217957e+02   3.2242682e+02   1.8006433e+01   6.8233106e+00   1.8006433e+01   3.3872948e+00   1.2835726e+00   3.3872948e+00
   4.8500000e+01   3.2424439e+02   1.2286832e+02   3.2424439e+02   1.8344940e+01   6.9515834e+00   1.8344940e+01   3.3827793e+00   1.2818615e+00   3.3827793e+00
   4.8600000e+01   3.2609579e+02   1.2356988e+02   3.2609579e+02   1.8682978e+01   7.0796786e+00   1.8682978e+01   3.3779256e+00   1.2800223e+00   3.3779256e+00
   4.8700000e+01   3.2798097e+02   1.2428425e+02   3.2798097e+02   1.9020513e+01   7.2075835e+00   1.9020513e+01   3.3727340e+00   1.2780550e+00   3.3727340e+00
   4.8800000e+01   3.2989987e+02   1.2501139e+02   3.2989987e+02   1.9357513e+01   7.3352854e+00   1.9357513e+01   3.3672052e+00   1.2759599e+00   3.3672052e+00
   4.8900000e+01   3.3185245e+02   1.2575130e+02   3.3185245e+02   1.9693943e+01   7.4627713e+00   1.9693943e+01   3.3613397e+00   1.2737373e+00   3.3613397e+00
   4.9000000e+01   3.3383864e+02   1.2650394e+02   3.3383864e+02   2.0029770e+01   7.5900286e+00   2.0029770e+01   3.3551381e+00   1.2713872e+00   3.3551381e+00
   4.9100000e+01   3.3585838e+02   1.2726930e+02   3.3585838e+02   2.0364960e+01   7.7170445e+00   2.0364960e+01   3.3486009e+00   1.2689101e+00   3.3486009e+00
   4.9200000e+01   3.3791161e+02   1.2804734e+02   3.3791161e+02   2.0699479e+01   7.8438064e+00   2.0699479e+01   3.3417289e+00   1.2663060e+00   3.3417289e+00
   4.9300000e+01   3.3999826e+02   1.2883805e+02   3.3999826e+02   2.1033294e+01   7.9703015e+00   2.1033294e+01   3.3345227e+00   1.2635753e+00   3.3345227e+00
   4.9400000e+01   3.4211825e+02   1.2964139e+02   3.4211825e+02   2.1366372e+01   8.0965172e+00   2.1366372e+01   3.3269830e+00   1.2607182e+00   3.3269830e+00
   4.9500000e+01   3.4427150e+02   1.3045734e+02   3.4427150e+02   2.1698680e+01   8.2224409e+00   2.1698680e+01   3.3191107e+00   1.2577351e+00   3.3191107e+00
   4.9600000e+01   3.4645795e+02   1.3128587e+02   3.4645795e+02   2.2030183e+01   8.3480600e+00   2.2030183e+01   3.3109065e+00   1.2546262e+00   3.3109065e+00
   4.9700000e+01   3.4867751e+02   1.3212694e+02   3.4867751e+02   2.2360850e+01   8.4733620e+00   2.2360850e+01   3.3023711e+00   1.2513919e+00   3.3023711e+00
   4.9800000e+01   3.5093010e+02   1.3298053e+02   3.5093010e+02   2.2690647e+01   8.5983342e+00   2.2690647e+01   3.2935056e+00   1.2480324e+00   3.2935056e+00
   4.9900000e+01   3.5321561e+02   1.3384660e+02   3.5321561e+02   2.3019540e+01   8.7229643e+00   2.3019540e+01   3.2843106e+00   1.2445481e+00   3.2843106e+00
   5.0000000e+01   3.5553397e+02   1.3472511e+02   3.5553397e+02   2.3347498e+01   8.8472397e+00   2.3347498e+01   3.2747873e+00   1.2409393e+00   3.2747873e+00
