   0.0000000e+00  -8.8388348e+02   5.0000000e+01  -5.3033009e+02
   1.0000000e-01  -8.7910244e+02   5.1811712e+01  -5.2554905e+02
   2.0000000e-01  -8.7432175e+02   5.3623294e+01  -5.2076836e+02
   3.0000000e-01  -8.6954175e+02   5.5434618e+01  -5.1598836e+02
   4.0000000e-01  -8.6476276e+02   5.7245553e+01  -5.1120937e+02
   5.0000000e-01  -8.5998515e+02   5.9055971e+01  -5.0643176e+02
   6.0000000e-01  -8.5520924e+02   6.0865742e+01  -5.0165584e+02
   7.0000000e-01  -8.5043537e+02   6.2674737e+01  -4.9688198e+02
   8.0000000e-01  -8.4566390e+02   6.4482827e+01  -4.9211051e+02
   9.0000000e-01  -8.4089515e+02   6.6289883e+01  -4.8734176e+02
   1.0000000e+00  -8.3612948e+02   6.8095776e+01  -4.8257609e+02
   1.1000000e+00  -8.3136721e+02   6.9900376e+01  -4.7781382e+02
   1.2000000e+00  -8.2660869e+02   7.1703557e+01  -4.7305530e+02
   1.3000000e+00  -8.2185426e+02   7.3505188e+01  -4.6830087e+02
   1.4000000e+00  -8.1710426e+02   7.5305141e+01  -4.6355087e+02
   1.5000000e+00  -8.1235902e+02   7.7103289e+01  -4.5880563e+02
   1.6000000e+00  -8.0761889e+02   7.8899502e+01  -4.5406550e+02
   1.7000000e+00  -8.0288420e+02   8.0693655e+01  -4.4933081e+02
   1.8000000e+00  -7.9815528e+02   8.2485617e+01  -4.4460189e+02
   1.9000000e+00  -7.9343248e+02   8.4275263e+01  -4.3987909e+02
   2.0000000e+00  -7.8871613e+02   8.6062465e+01  -4.3516274e+02
   2.1000000e+00  -7.8400656e+02   8.7847096e+01  -4.3045317e+02
   2.2000000e+00  -7.7930412e+02   8.9629029e+01  -4.2575072e+02
   2.3000000e+00  -7.7460912e+02   9.1408139e+01  -4.2105573e+02
   2.4000000e+00  -7.6992191e+02   9.3184298e+01  -4.1636852e+02
   2.5000000e+00  -7.6524282e+02   9.4957380e+01  -4.1168943e+02
   2.6000000e+00  -7.6057217e+02   9.6727262e+01  -4.0701878e+02
   2.7000000e+00  -7.5591031e+02   9.8493816e+01  -4.0235692e+02
   2.8000000e+00  -7.5125756e+02   1.0025692e+02  -3.9770417e+02
   2.9000000e+00  -7.4661424e+02   1.0201645e+02  -3.9306085e+02
   3.0000000e+00  -7.4198069e+02   1.0377227e+02  -3.8842730e+02
   3.1000000e+00  -7.3735723e+02   1.0552427e+02  -3.8380384e+02
   3.2000000e+00  -7.3274419e+02   1.0727233e+02  -3.7919079e+02
   3.3000000e+00  -7.2814189e+02   1.0901631e+02  -3.7458850e+02
   3.4000000e+00  -7.2355065e+02   1.1075610e+02  -3.6999726e+02
   3.5000000e+00  -7.1897081e+02   1.1249157e+02  -3.6541742e+02
   3.6000000e+00  -7.1440267e+02   1.1422261e+02  -3.6084928e+02
   3.7000000e+00  -7.0984657e+02   1.1594909e+02  -3.5629318e+02
   3.8000000e+00  -7.0530282e+02   1.1767089e+02  -3.5174942e+02
   3.9000000e+00  -7.0077173e+02   1.1938789e+02  -3.4721834e+02
   4.0000000e+00  -6.9625362e+02   1.2109997e+02  -3.4270023e+02
   4.1000000e+00  -6.9174882e+02   1.2280700e+02  -3.3819543e+02
   4.2000000e+00  -6.8725763e+02   1.2450889e+02  -3.3370423e+02
   4.3000000e+00  -6.8278036e+02   1.2620549e+02  -3.2922697e+02
   4.4000000e+00  -6.7831733e+02   1.2789670e+02  -3.2476394e+02
   4.5000000e+00  -6.7386884e+02   1.2958240e+02  -3.2031545e+02
   4.6000000e+00  -6.6943521e+02   1.3126246e+02  -3.1588182e+02
   4.7000000e+00  -6.6501674e+02   1.3293679e+02  -3.1146335e+02
   4.8000000e+00  -6.6061374e+02   1.3460525e+02  -3.0706035e+02
   4.9000000e+00  -6.5622650e+02   1.3626774e+02  -3.0267311e+02
   5.0000000e+00  -6.5185534e+02   1.3792413e+02  -2.9830195e+02
   5.1000000e+00  -6.4750055e+02   1.3957433e+02  -2.9394716e+02
   5.2000000e+00  -6.4316243e+02   1.4121820e+02  -2.8960904e+02
   5.3000000e+00  -6.3884128e+02   1.4285565e+02  -2.8528789e+02
   5.4000000e+00  -6.3453740e+02   1.4448655e+02  -2.8098401e+02
   5.5000000e+00  -6.3025107e+02   1.4611080e+02  -2.7669768e+02
   5.6000000e+00  -6.2598259e+02   1.4772829e+02  -2.7242920e+02
   5.7000000e+00  -6.2173226e+02   1.4933890e+02  -2.6817887e+02
   5.8000000e+00  -6.1750035e+02   1.5094253e+02  -2.6394696e+02
   5.9000000e+00  -6.1328715e+02   1.5253906e+02  -2.5973376e+02
   6.0000000e+00  -6.0909296e+02   1.5412840e+02  -2.5553957e+02
   6.1000000e+00  -6.0491805e+02   1.5571043e+02  -2.5136466e+02
   6.2000000e+00  -6.0076270e+02   1.5728504e+02  -2.4720931e+02
   6.3000000e+00  -5.9662720e+02   1.5885214e+02  -2.4307381e+02
   6.4000000e+00  -5.9251181e+02   1.6041161e+02  -2.3895842e+02
   6.5000000e+00  -5.8841682e+02   1.6196336e+02  -2.3486343e+02
   6.6000000e+00  -5.8434250e+02   1.6350727e+02  -2.3078911e+02
   6.7000000e+00  -5.8028912e+02   1.6504325e+02  -2.2673573e+02
   6.8000000e+00  -5.7625694e+02   1.6657120e+02  -2.2270355e+02
   6.9000000e+00  -5.7224623e+02   1.6809100e+02  -2.1869284e+02
   7.0000000e+00  -5.6825727e+02   1.6960257e+02  -2.1470388e+02
   7.1000000e+00  -5.6429030e+02   1.7110580e+02  -2.1073691e+02
   7.2000000e+00  -5.6034559e+02   1.7260060e+02  -2.0679220e+02
   7.3000000e+00  -5.5642341e+02   1.7408686e+02  -2.0287002e+02
   7.4000000e+00  -5.5252399e+02   1.7556450e+02  -1.9897060e+02
   7.5000000e+00  -5.4864761e+02   1.7703340e+02  -1.9509422e+02
   7.6000000e+00  -5.4479450e+02   1.7849349e+02  -1.9124111e+02
   7.7000000e+00  -5.4096492e+02   1.7994466e+02  -1.8741152e+02
   7.8000000e+00  -5.3715911e+02   1.8138682e+02  -1.8360572e+02
   7.9000000e+00  -5.3337732e+02   1.8281989e+02  -1.7982393e+02
   8.0000000e+00  -5.2961978e+02   1.8424376e+02  -1.7606639e+02
   8.1000000e+00  -5.2588675e+02   1.8565834e+02  -1.7233336e+02
   8.2000000e+00  -5.2217845e+02   1.8706356e+02  -1.6862506e+02
   8.3000000e+00  -5.1849512e+02   1.8845931e+02  -1.6494173e+02
   8.4000000e+00  -5.1483699e+02   1.8984551e+02  -1.6128360e+02
   8.5000000e+00  -5.1120429e+02   1.9122208e+02  -1.5765090e+02
   8.6000000e+00  -5.0759724e+02   1.9258892e+02  -1.5404385e+02
   8.7000000e+00  -5.0401608e+02   1.9394596e+02  -1.5046269e+02
   8.8000000e+00  -5.0046102e+02   1.9529310e+02  -1.4690763e+02
   8.9000000e+00  -4.9693228e+02   1.9663027e+02  -1.4337889e+02
   9.0000000e+00  -4.9343008e+02   1.9795739e+02  -1.3987669e+02
   9.1000000e+00  -4.8995462e+02   1.9927437e+02  -1.3640123e+02
   9.2000000e+00  -4.8650613e+02   2.0058113e+02  -1.3295274e+02
   9.3000000e+00  -4.8308481e+02   2.0187760e+02  -1.2953142e+02
   9.4000000e+00  -4.7969087e+02   2.0316369e+02  -1.2613748e+02
   9.5000000e+00  -4.7632450e+02   2.0443933e+02  -1.2277111e+02
   9.6000000e+00  -4.7298591e+02   2.0570445e+02  -1.1943252e+02
   9.7000000e+00  -4.6967530e+02   2.0695896e+02  -1.1612191e+02
   9.8000000e+00  -4.6639286e+02   2.0820280e+02  -1.1283947e+02
   9.9000000e+00  -4.6313878e+02   2.0943589e+02  -1.0958539e+02
   1.0000000e+01  -4.5991325e+02   2.1065817e+02  -1.0635986e+02
   1.0100000e+01  -4.5671646e+02   2.1186955e+02  -1.0316307e+02
   1.0200000e+01  -4.5354858e+02   2.1306998e+02  -9.9995194e+01
   1.0300000e+01  -4.5040981e+02   2.1425938e+02  -9.6856420e+01
   1.0400000e+01  -4.4730031e+02   2.1543768e+02  -9.3746923e+01
   1.0500000e+01  -4.4422027e+02   2.1660482e+02  -9.0666878e+01
   1.0600000e+01  -4.4116985e+02   2.1776074e+02  -8.7616456e+01
   1.0700000e+01  -4.3814922e+02   2.1890537e+02  -8.4595824e+01
   1.0800000e+01  -4.3515854e+02   2.2003865e+02  -8.1605150e+01
   1.0900000e+01  -4.3219799e+02   2.2116052e+02  -7.8644595e+01
   1.1000000e+01  -4.2926771e+02   2.2227091e+02  -7.5714318e+01
   1.1100000e+01  -4.2636787e+02   2.2336977e+02  -7.2814476e+01
   1.1200000e+01  -4.2349861e+02   2.2445703e+02  -6.9945223e+01
   1.1300000e+01  -4.2066010e+02   2.2553265e+02  -6.7106709e+01
   1.1400000e+01  -4.1785247e+02   2.2659657e+02  -6.4299080e+01
   1.1500000e+01  -4.1507587e+02   2.2764873e+02  -6.1522482e+01
   1.1600000e+01  -4.1233045e+02   2.2868907e+02  -5.8777055e+01
   1.1700000e+01  -4.0961633e+02   2.2971755e+02  -5.6062937e+01
   1.1800000e+01  -4.0693365e+02   2.3073412e+02  -5.3380263e+01
   1.1900000e+01  -4.0428256e+02   2.3173872e+02  -5.0729165e+01
   1.2000000e+01  -4.0166316e+02   2.3273130e+02  -4.8109770e+01
   1.2100000e+01  -3.9907560e+02   2.3371183e+02  -4.5522205e+01
   1.2200000e+01  -3.9651998e+02   2.3468025e+02  -4.2966592e+01
   1.2300000e+01  -3.9399644e+02   2.3563651e+02  -4.0443050e+01
   1.2400000e+01  -3.9150508e+02   2.3658058e+02  -3.7951693e+01
   1.2500000e+01  -3.8904603e+02   2.3751241e+02  -3.5492636e+01
   1.2600000e+01  -3.8661938e+02   2.3843196e+02  -3.3065987e+01
   1.2700000e+01  -3.8422524e+02   2.3933918e+02  -3.0671852e+01
   1.2800000e+01  -3.8186372e+02   2.4023405e+02  -2.8310334e+01
   1.2900000e+01  -3.7953492e+02   2.4111652e+02  -2.5981532e+01
   1.3000000e+01  -3.7723893e+02   2.4198656e+02  -2.3685544e+01
   1.3100000e+01  -3.7497585e+02   2.4284412e+02  -2.1422461e+01
   1.3200000e+01  -3.7274576e+02   2.4368919e+02  -1.9192374e+01
   1.3300000e+01  -3.7054876e+02   2.4452171e+02  -1.6995368e+01
   1.3400000e+01  -3.6838492e+02   2.4534167e+02  -1.4831528e+01
   1.3500000e+01  -3.6625432e+02   2.4614904e+02  -1.2700933e+01
   1.3600000e+01  -3.6415705e+02   2.4694377e+02  -1.0603659e+01
   1.3700000e+01  -3.6209317e+02   2.4772585e+02  -8.5397793e+00
   1.3800000e+01  -3.6006275e+02   2.4849525e+02  -6.5093638e+00
   1.3900000e+01  -3.5806587e+02   2.4925195e+02  -4.5124791e+00
   1.4000000e+01  -3.5610258e+02   2.4999591e+02  -2.5491880e+00
   1.4100000e+01  -3.5417294e+02   2.5072712e+02  -6.1955044e-01
   1.4200000e+01  -3.5227701e+02   2.5144556e+02   1.2763773e+00
   1.4300000e+01  -3.5041485e+02   2.5215121e+02   3.1385423e+00
   1.4400000e+01  -3.4858650e+02   2.5284404e+02   4.9668949e+00
   1.4500000e+01  -3.4679200e+02   2.5352404e+02   6.7613888e+00
   1.4600000e+01  -3.4503141e+02   2.5419119e+02   8.5219812e+00
   1.4700000e+01  -3.4330476e+02   2.5484548e+02   1.0248633e+01
   1.4800000e+01  -3.4161208e+02   2.5548690e+02   1.1941307e+01
   1.4900000e+01  -3.3995342e+02   2.5611543e+02   1.3599972e+01
   1.5000000e+01  -3.3832879e+02   2.5673106e+02   1.5224598e+01
   1.5100000e+01  -3.3673823e+02   2.5733379e+02   1.6815159e+01
   1.5200000e+01  -3.3518176e+02   2.5792359e+02   1.8371632e+01
   1.5300000e+01  -3.3365939e+02   2.5850047e+02   1.9894000e+01
   1.5400000e+01  -3.3217115e+02   2.5906443e+02   2.1382245e+01
   1.5500000e+01  -3.3071703e+02   2.5961544e+02   2.2836357e+01
   1.5600000e+01  -3.2929707e+02   2.6015352e+02   2.4256325e+01
   1.5700000e+01  -3.2791125e+02   2.6067866e+02   2.5642145e+01
   1.5800000e+01  -3.2655958e+02   2.6119086e+02   2.6993815e+01
   1.5900000e+01  -3.2524205e+02   2.6169012e+02   2.8311336e+01
   1.6000000e+01  -3.2395868e+02   2.6217644e+02   2.9594712e+01
   1.6100000e+01  -3.2270944e+02   2.6264982e+02   3.0843953e+01
   1.6200000e+01  -3.2149432e+02   2.6311027e+02   3.2059070e+01
   1.6300000e+01  -3.2031331e+02   2.6355780e+02   3.3240078e+01
   1.6400000e+01  -3.1916640e+02   2.6399241e+02   3.4386995e+01
   1.6500000e+01  -3.1805355e+02   2.6441411e+02   3.5499844e+01
   1.6600000e+01  -3.1697474e+02   2.6482291e+02   3.6578649e+01
   1.6700000e+01  -3.1592995e+02   2.6521882e+02   3.7623440e+01
   1.6800000e+01  -3.1491914e+02   2.6560186e+02   3.8634249e+01
   1.6900000e+01  -3.1394228e+02   2.6597202e+02   3.9611110e+01
   1.7000000e+01  -3.1299933e+02   2.6632934e+02   4.0554064e+01
   1.7100000e+01  -3.1209024e+02   2.6667383e+02   4.1463151e+01
   1.7200000e+01  -3.1121497e+02   2.6700550e+02   4.2338419e+01
   1.7300000e+01  -3.1037347e+02   2.6732438e+02   4.3179916e+01
   1.7400000e+01  -3.0956570e+02   2.6763048e+02   4.3987694e+01
   1.7500000e+01  -3.0879158e+02   2.6792382e+02   4.4761810e+01
   1.7600000e+01  -3.0805107e+02   2.6820443e+02   4.5502322e+01
   1.7700000e+01  -3.0734410e+02   2.6847232e+02   4.6209293e+01
   1.7800000e+01  -3.0667060e+02   2.6872754e+02   4.6882790e+01
   1.7900000e+01  -3.0603051e+02   2.6897009e+02   4.7522880e+01
   1.8000000e+01  -3.0542375e+02   2.6920001e+02   4.8129638e+01
   1.8100000e+01  -3.0485025e+02   2.6941733e+02   4.8703138e+01
   1.8200000e+01  -3.0430993e+02   2.6962208e+02   4.9243460e+01
   1.8300000e+01  -3.0380270e+02   2.6981429e+02   4.9750687e+01
   1.8400000e+01  -3.0332849e+02   2.6999399e+02   5.0224904e+01
   1.8500000e+01  -3.0288719e+02   2.7016121e+02   5.0666201e+01
   1.8600000e+01  -3.0247872e+02   2.7031600e+02   5.1074670e+01
   1.8700000e+01  -3.0210298e+02   2.7045838e+02   5.1450406e+01
   1.8800000e+01  -3.0175988e+02   2.7058839e+02   5.1793510e+01
   1.8900000e+01  -3.0144931e+02   2.7070608e+02   5.2104083e+01
   1.9000000e+01  -3.0117116e+02   2.7081148e+02   5.2382231e+01
   1.9100000e+01  -3.0092533e+02   2.7090463e+02   5.2628062e+01
   1.9200000e+01  -3.0071170e+02   2.7098559e+02   5.2841689e+01
   1.9300000e+01  -3.0053016e+02   2.7105438e+02   5.3023226e+01
   1.9400000e+01  -3.0038060e+02   2.7111105e+02   5.3172793e+01
   1.9500000e+01  -3.0026288e+02   2.7115566e+02   5.3290510e+01
   1.9600000e+01  -3.0017689e+02   2.7118825e+02   5.3376504e+01
   1.9700000e+01  -3.0012249e+02   2.7120886e+02   5.3430901e+01
   1.9800000e+01  -3.0009956e+02   2.7121755e+02   5.3453832e+01
   1.9900000e+01  -3.0010796e+02   2.7121437e+02   5.3445433e+01
   2.0000000e+01  -3.0014755e+02   2.7119936e+02   5.3405841e+01
   2.0100000e+01  -3.0021819e+02   2.7117259e+02   5.3335196e+01
   2.0200000e+01  -3.0031975e+02   2.7113411e+02   5.3233641e+01
   2.0300000e+01  -3.0045207e+02   2.7108397e+02   5.3101325e+01
   2.0400000e+01  -3.0061500e+02   2.7102223e+02   5.2938395e+01
   2.0500000e+01  -3.0080838e+02   2.7094895e+02   5.2745006e+01
   2.0600000e+01  -3.0103208e+02   2.7086418e+02   5.2521314e+01
   2.0700000e+01  -3.0128591e+02   2.7076799e+02   5.2267476e+01
   2.0800000e+01  -3.0156973e+02   2.7066044e+02   5.1983656e+01
   2.0900000e+01  -3.0188337e+02   2.7054160e+02   5.1670018e+01
   2.1000000e+01  -3.0222666e+02   2.7041151e+02   5.1326730e+01
   2.1100000e+01  -3.0259943e+02   2.7027026e+02   5.0953963e+01
   2.1200000e+01  -3.0300150e+02   2.7011790e+02   5.0551891e+01
   2.1300000e+01  -3.0343270e+02   2.6995450e+02   5.0120691e+01
   2.1400000e+01  -3.0389285e+02   2.6978013e+02   4.9660543e+01
   2.1500000e+01  -3.0438176e+02   2.6959486e+02   4.9171628e+01
   2.1600000e+01  -3.0489926e+02   2.6939876e+02   4.8654133e+01
   2.1700000e+01  -3.0544514e+02   2.6919191e+02   4.8108246e+01
   2.1800000e+01  -3.0601923e+02   2.6897436e+02   4.7534159e+01
   2.1900000e+01  -3.0662133e+02   2.6874621e+02   4.6932064e+01
   2.2000000e+01  -3.0725123e+02   2.6850751e+02   4.6302160e+01
   2.2100000e+01  -3.0790875e+02   2.6825836e+02   4.5644645e+01
   2.2200000e+01  -3.0859367e+02   2.6799881e+02   4.4959721e+01
   2.2300000e+01  -3.0930580e+02   2.6772896e+02   4.4247595e+01
   2.2400000e+01  -3.1004492e+02   2.6744888e+02   4.3508474e+01
   2.2500000e+01  -3.1081082e+02   2.6715865e+02   4.2742568e+01
   2.2600000e+01  -3.1160330e+02   2.6685835e+02   4.1950091e+01
   2.2700000e+01  -3.1242213e+02   2.6654807e+02   4.1131258e+01
   2.2800000e+01  -3.1326710e+02   2.6622787e+02   4.0286288e+01
   2.2900000e+01  -3.1413799e+02   2.6589786e+02   3.9415401e+01
   2.3000000e+01  -3.1503457e+02   2.6555812e+02   3.8518823e+01
   2.3100000e+01  -3.1595661e+02   2.6520872e+02   3.7596778e+01
   2.3200000e+01  -3.1690389e+02   2.6484976e+02   3.6649496e+01
   2.3300000e+01  -3.1787618e+02   2.6448132e+02   3.5677208e+01
   2.3400000e+01  -3.1887324e+02   2.6410350e+02   3.4680148e+01
   2.3500000e+01  -3.1989484e+02   2.6371638e+02   3.3658553e+01
   2.3600000e+01  -3.2094073e+02   2.6332005e+02   3.2612660e+01
   2.3700000e+01  -3.2201068e+02   2.6291461e+02   3.1542711e+01
   2.3800000e+01  -3.2310444e+02   2.6250014e+02   3.0448950e+01
   2.3900000e+01  -3.2422177e+02   2.6207674e+02   2.9331622e+01
   2.4000000e+01  -3.2536241e+02   2.6164451e+02   2.8190977e+01
   2.4100000e+01  -3.2652613e+02   2.6120354e+02   2.7027264e+01
   2.4200000e+01  -3.2771265e+02   2.6075392e+02   2.5840737e+01
   2.4300000e+01  -3.2892174e+02   2.6029575e+02   2.4631651e+01
   2.4400000e+01  -3.3015313e+02   2.5982913e+02   2.3400264e+01
   2.4500000e+01  -3.3140656e+02   2.5935416e+02   2.2146834e+01
   2.4600000e+01  -3.3268177e+02   2.5887093e+02   2.0871625e+01
   2.4700000e+01  -3.3397849e+02   2.5837956e+02   1.9574900e+01
   2.4800000e+01  -3.3529647e+02   2.5788013e+02   1.8256925e+01
   2.4900000e+01  -3.3663542e+02   2.5737275e+02   1.6917969e+01
   2.5000000e+01  -3.3799509e+02   2.5685752e+02   1.5558303e+01
   2.5100000e+01  -3.3937519e+02   2.5633454e+02   1.4178199e+01
   2.5200000e+01  -3.4077546e+02   2.5580393e+02   1.2777931e+01
   2.5300000e+01  -3.4219561e+02   2.5526578e+02   1.1357776e+01
   2.5400000e+01  -3.4363538e+02   2.5472020e+02   9.9180137e+00
   2.5500000e+01  -3.4509447e+02   2.5416730e+02   8.4589234e+00
   2.5600000e+01  -3.4657260e+02   2.5360718e+02   6.9807879e+00
   2.5700000e+01  -3.4806950e+02   2.5303995e+02   5.4838918e+00
   2.5800000e+01  -3.4958487e+02   2.5246572e+02   3.9685213e+00
   2.5900000e+01  -3.5111843e+02   2.5188459e+02   2.4349646e+00
   2.6000000e+01  -3.5266988e+02   2.5129669e+02   8.8351149e-01
   2.6100000e+01  -3.5423894e+02   2.5070212e+02  -6.8554612e-01
   2.6200000e+01  -3.5582531e+02   2.5010098e+02  -2.2719148e+00
   2.6300000e+01  -3.5742869e+02   2.4949340e+02  -3.8752993e+00
   2.6400000e+01  -3.5904879e+02   2.4887948e+02  -5.4954026e+00
   2.6500000e+01  -3.6068532e+02   2.4825934e+02  -7.1319262e+00
   2.6600000e+01  -3.6233796e+02   2.4763309e+02  -8.7845698e+00
   2.6700000e+01  -3.6400642e+02   2.4700085e+02  -1.0453032e+01
   2.6800000e+01  -3.6569040e+02   2.4636273e+02  -1.2137008e+01
   2.6900000e+01  -3.6738958e+02   2.4571884e+02  -1.3836194e+01
   2.7000000e+01  -3.6910367e+02   2.4506931e+02  -1.5550284e+01
   2.7100000e+01  -3.7083236e+02   2.4441425e+02  -1.7278968e+01
   2.7200000e+01  -3.7257533e+02   2.4375377e+02  -1.9021938e+01
   2.7300000e+01  -3.7433227e+02   2.4308800e+02  -2.0778883e+01
   2.7400000e+01  -3.7610288e+02   2.4241705e+02  -2.2549491e+01
   2.7500000e+01  -3.7788684e+02   2.4174104e+02  -2.4333447e+01
   2.7600000e+01  -3.7968383e+02   2.4106009e+02  -2.6130437e+01
   2.7700000e+01  -3.8149354e+02   2.4037433e+02  -2.7940145e+01
   2.7800000e+01  -3.8331564e+02   2.3968386e+02  -2.9762253e+01
   2.7900000e+01  -3.8514983e+02   2.3898882e+02  -3.1596442e+01
   2.8000000e+01  -3.8699578e+02   2.3828932e+02  -3.3442392e+01
   2.8100000e+01  -3.8885317e+02   2.3758549e+02  -3.5299782e+01
   2.8200000e+01  -3.9072168e+02   2.3687744e+02  -3.7168290e+01
   2.8300000e+01  -3.9260098e+02   2.3616530e+02  -3.9047592e+01
   2.8400000e+01  -3.9449075e+02   2.3544920e+02  -4.0937363e+01
   2.8500000e+01  -3.9639067e+02   2.3472925e+02  -4.2837279e+01
   2.8600000e+01  -3.9830040e+02   2.3400558e+02  -4.4747012e+01
   2.8700000e+01  -4.0021963e+02   2.3327831e+02  -4.6666235e+01
   2.8800000e+01  -4.0214801e+02   2.3254758e+02  -4.8594619e+01
   2.8900000e+01  -4.0408523e+02   2.3181349e+02  -5.0531835e+01
   2.9000000e+01  -4.0603094e+02   2.3107619e+02  -5.2477553e+01
   2.9100000e+01  -4.0798483e+02   2.3033579e+02  -5.4431442e+01
   2.9200000e+01  -4.0994656e+02   2.2959241e+02  -5.6393169e+01
   2.9300000e+01  -4.1191579e+02   2.2884620e+02  -5.8362401e+01
   2.9400000e+01  -4.1389220e+02   2.2809727e+02  -6.0338806e+01
   2.9500000e+01  -4.1587544e+02   2.2734574e+02  -6.2322048e+01
   2.9600000e+01  -4.1786518e+02   2.2659175e+02  -6.4311794e+01
   2.9700000e+01  -4.1986110e+02   2.2583543e+02  -6.6307707e+01
   2.9800000e+01  -4.2186284e+02   2.2507689e+02  -6.8309451e+01
   2.9900000e+01  -4.2387008e+02   2.2431627e+02  -7.0316690e+01
   3.0000000e+01  -4.2588248e+02   2.2355370e+02  -7.2329086e+01
   3.0100000e+01  -4.2789969e+02   2.2278930e+02  -7.4346301e+01
   3.0200000e+01  -4.2992139e+02   2.2202321e+02  -7.6367997e+01
   3.0300000e+01  -4.3194723e+02   2.2125554e+02  -7.8393835e+01
   3.0400000e+01  -4.3397687e+02   2.2048643e+02  -8.0423477e+01
   3.0500000e+01  -4.3600997e+02   2.1971601e+02  -8.2456582e+01
   3.0600000e+01  -4.3804620e+02   2.1894441e+02  -8.4492810e+01
   3.0700000e+01  -4.4008521e+02   2.1817175e+02  -8.6531822e+01
   3.0800000e+01  -4.4212667e+02   2.1739817e+02  -8.8573276e+01
   3.0900000e+01  -4.4417022e+02   2.1662379e+02  -9.0616833e+01
   3.1000000e+01  -4.4621554e+02   2.1584874e+02  -9.2662150e+01
   3.1100000e+01  -4.4826228e+02   2.1507316e+02  -9.4708888e+01
   3.1200000e+01  -4.5031010e+02   2.1429716e+02  -9.6756705e+01
   3.1300000e+01  -4.5235865e+02   2.1352089e+02  -9.8805258e+01
   3.1400000e+01  -4.5440760e+02   2.1274446e+02  -1.0085421e+02
   3.1500000e+01  -4.5645660e+02   2.1196802e+02  -1.0290321e+02
   3.1600000e+01  -4.5850532e+02   2.1119169e+02  -1.0495193e+02
   3.1700000e+01  -4.6055341e+02   2.1041559e+02  -1.0700002e+02
   3.1800000e+01  -4.6260053e+02   2.0963986e+02  -1.0904714e+02
   3.1900000e+01  -4.6464633e+02   2.0886463e+02  -1.1109294e+02
   3.2000000e+01  -4.6669049e+02   2.0809002e+02  -1.1313710e+02
   3.2100000e+01  -4.6873265e+02   2.0731617e+02  -1.1517926e+02
   3.2200000e+01  -4.7077248e+02   2.0654320e+02  -1.1721909e+02
   3.2300000e+01  -4.7280963e+02   2.0577125e+02  -1.1925624e+02
   3.2400000e+01  -4.7484376e+02   2.0500044e+02  -1.2129037e+02
   3.2500000e+01  -4.7687455e+02   2.0423090e+02  -1.2332116e+02
   3.2600000e+01  -4.7890163e+02   2.0346276e+02  -1.2534824e+02
   3.2700000e+01  -4.8092468e+02   2.0269615e+02  -1.2737129e+02
   3.2800000e+01  -4.8294336e+02   2.0193120e+02  -1.2938997e+02
   3.2900000e+01  -4.8495733e+02   2.0116803e+02  -1.3140394e+02
   3.3000000e+01  -4.8696625e+02   2.0040677e+02  -1.3341286e+02
   3.3100000e+01  -4.8896978e+02   1.9964756e+02  -1.3541639e+02
   3.3200000e+01  -4.9096759e+02   1.9889052e+02  -1.3741420e+02
   3.3300000e+01  -4.9295933e+02   1.9813577e+02  -1.3940594e+02
   3.3400000e+01  -4.9494468e+02   1.9738345e+02  -1.4139129e+02
   3.3500000e+01  -4.9692330e+02   1.9663367e+02  -1.4336991e+02
   3.3600000e+01  -4.9889486e+02   1.9588658e+02  -1.4534147e+02
   3.3700000e+01  -5.0085901e+02   1.9514229e+02  -1.4730562e+02
   3.3800000e+01  -5.0281543e+02   1.9440093e+02  -1.4926204e+02
   3.3900000e+01  -5.0476379e+02   1.9366262e+02  -1.5121040e+02
   3.4000000e+01  -5.0670375e+02   1.9292750e+02  -1.5315036e+02
   3.4100000e+01  -5.0863498e+02   1.9219568e+02  -1.5508159e+02
   3.4200000e+01  -5.1055716e+02   1.9146730e+02  -1.5700377e+02
   3.4300000e+01  -5.1246995e+02   1.9074247e+02  -1.5891656e+02
   3.4400000e+01  -5.1437303e+02   1.9002132e+02  -1.6081964e+02
   3.4500000e+01  -5.1626607e+02   1.8930398e+02  -1.6271268e+02
   3.4600000e+01  -5.1814874e+02   1.8859056e+02  -1.6459535e+02
   3.4700000e+01  -5.2002072e+02   1.8788120e+02  -1.6646733e+02
   3.4800000e+01  -5.2188169e+02   1.8717601e+02  -1.6832830e+02
   3.4900000e+01  -5.2373132e+02   1.8647512e+02  -1.7017792e+02
   3.5000000e+01  -5.2556929e+02   1.8577864e+02  -1.7201589e+02
   3.5100000e+01  -5.2739528e+02   1.8508671e+02  -1.7384189e+02
   3.5200000e+01  -5.2920897e+02   1.8439943e+02  -1.7565558e+02
   3.5300000e+01  -5.3101004e+02   1.8371693e+02  -1.7745665e+02
   3.5400000e+01  -5.3279819e+02   1.8303934e+02  -1.7924480e+02
   3.5500000e+01  -5.3457308e+02   1.8236677e+02  -1.8101969e+02
   3.5600000e+01  -5.3633441e+02   1.8169933e+02  -1.8278102e+02
   3.5700000e+01  -5.3808187e+02   1.8103716e+02  -1.8452848e+02
   3.5800000e+01  -5.3981513e+02   1.8038036e+02  -1.8626174e+02
   3.5900000e+01  -5.4153391e+02   1.7972905e+02  -1.8798052e+02
   3.6000000e+01  -5.4323787e+02   1.7908335e+02  -1.8968448e+02
   3.6100000e+01  -5.4492673e+02   1.7844338e+02  -1.9137334e+02
   3.6200000e+01  -5.4660016e+02   1.7780926e+02  -1.9304677e+02
   3.6300000e+01  -5.4825788e+02   1.7718109e+02  -1.9470449e+02
   3.6400000e+01  -5.4989957e+02   1.7655899e+02  -1.9634618e+02
   3.6500000e+01  -5.5152494e+02   1.7594308e+02  -1.9797155e+02
   3.6600000e+01  -5.5313368e+02   1.7533346e+02  -1.9958029e+02
   3.6700000e+01  -5.5472550e+02   1.7473026e+02  -2.0117211e+02
   3.6800000e+01  -5.5630010e+02   1.7413359e+02  -2.0274671e+02
   3.6900000e+01  -5.5785720e+02   1.7354355e+02  -2.0430380e+02
   3.7000000e+01  -5.5939648e+02   1.7296025e+02  -2.0584309e+02
   3.7100000e+01  -5.6091768e+02   1.7238381e+02  -2.0736429e+02
   3.7200000e+01  -5.6242049e+02   1.7181434e+02  -2.0886710e+02
   3.7300000e+01  -5.6390463e+02   1.7125195e+02  -2.1035124e+02
   3.7400000e+01  -5.6536982e+02   1.7069673e+02  -2.1181643e+02
   3.7500000e+01  -5.6681577e+02   1.7014881e+02  -2.1326238e+02
   3.7600000e+01  -5.6824220e+02   1.6960828e+02  -2.1468881e+02
   3.7700000e+01  -5.6964883e+02   1.6907525e+02  -2.1609544e+02
   3.7800000e+01  -5.7103539e+02   1.6854983e+02  -2.1748200e+02
   3.7900000e+01  -5.7240160e+02   1.6803213e+02  -2.1884821e+02
   3.8000000e+01  -5.7374718e+02   1.6752224e+02  -2.2019379e+02
   3.8100000e+01  -5.7507187e+02   1.6702026e+02  -2.2151848e+02
   3.8200000e+01  -5.7637539e+02   1.6652631e+02  -2.2282200e+02
   3.8300000e+01  -5.7765748e+02   1.6604048e+02  -2.2410409e+02
   3.8400000e+01  -5.7891788e+02   1.6556287e+02  -2.2536448e+02
   3.8500000e+01  -5.8015631e+02   1.6509358e+02  -2.2660292e+02
   3.8600000e+01  -5.8137253e+02   1.6463271e+02  -2.2781914e+02
   3.8700000e+01  -5.8256627e+02   1.6418035e+02  -2.2901288e+02
   3.8800000e+01  -5.8373728e+02   1.6373661e+02  -2.3018389e+02
   3.8900000e+01  -5.8488530e+02   1.6330159e+02  -2.3133191e+02
   3.9000000e+01  -5.8601008e+02   1.6287536e+02  -2.3245669e+02
   3.9100000e+01  -5.8711137e+02   1.6245804e+02  -2.3355798e+02
   3.9200000e+01  -5.8818894e+02   1.6204972e+02  -2.3463554e+02
   3.9300000e+01  -5.8924252e+02   1.6165047e+02  -2.3568913e+02
   3.9400000e+01  -5.9027188e+02   1.6126041e+02  -2.3671849e+02
   3.9500000e+01  -5.9127678e+02   1.6087962e+02  -2.3772339e+02
   3.9600000e+01  -5.9225698e+02   1.6050818e+02  -2.3870359e+02
   3.9700000e+01  -5.9321226e+02   1.6014619e+02  -2.3965887e+02
   3.9800000e+01  -5.9414236e+02   1.5979374e+02  -2.4058897e+02
   3.9900000e+01  -5.9504708e+02   1.5945091e+02  -2.4149369e+02
   4.0000000e+01  -5.9592617e+02   1.5911779e+02  -2.4237278e+02
   4.0100000e+01  -5.9677942e+02   1.5879446e+02  -2.4322603e+02
   4.0200000e+01  -5.9760661e+02   1.5848101e+02  -2.4405321e+02
   4.0300000e+01  -5.9840750e+02   1.5817752e+02  -2.4485411e+02
   4.0400000e+01  -5.9918189e+02   1.5788407e+02  -2.4562850e+02
   4.0500000e+01  -5.9992957e+02   1.5760075e+02  -2.4637618e+02
   4.0600000e+01  -6.0065032e+02   1.5732763e+02  -2.4709693e+02
   4.0700000e+01  -6.0134393e+02   1.5706480e+02  -2.4779054e+02
   4.0800000e+01  -6.0201020e+02   1.5681232e+02  -2.4845681e+02
   4.0900000e+01  -6.0264892e+02   1.5657029e+02  -2.4909553e+02
   4.1000000e+01  -6.0325989e+02   1.5633877e+02  -2.4970650e+02
   4.1100000e+01  -6.0384292e+02   1.5611783e+02  -2.5028953e+02
   4.1200000e+01  -6.0439781e+02   1.5590757e+02  -2.5084442e+02
   4.1300000e+01  -6.0492437e+02   1.5570803e+02  -2.5137098e+02
   4.1400000e+01  -6.0542241e+02   1.5551931e+02  -2.5186902e+02
   4.1500000e+01  -6.0589174e+02   1.5534146e+02  -2.5233835e+02
   4.1600000e+01  -6.0633218e+02   1.5517456e+02  -2.5277879e+02
   4.1700000e+01  -6.0674355e+02   1.5501868e+02  -2.5319016e+02
   4.1800000e+01  -6.0712567e+02   1.5487388e+02  -2.5357228e+02
   4.1900000e+01  -6.0747837e+02   1.5474023e+02  -2.5392498e+02
   4.2000000e+01  -6.0780147e+02   1.5461779e+02  -2.5424808e+02
   4.2100000e+01  -6.0809480e+02   1.5450664e+02  -2.5454141e+02
   4.2200000e+01  -6.0835821e+02   1.5440682e+02  -2.5480482e+02
   4.2300000e+01  -6.0859152e+02   1.5431841e+02  -2.5503813e+02
   4.2400000e+01  -6.0879458e+02   1.5424147e+02  -2.5524119e+02
   4.2500000e+01  -6.0896723e+02   1.5417604e+02  -2.5541384e+02
   4.2600000e+01  -6.0910931e+02   1.5412220e+02  -2.5555592e+02
   4.2700000e+01  -6.0922068e+02   1.5408000e+02  -2.5566729e+02
   4.2800000e+01  -6.0930119e+02   1.5404949e+02  -2.5574780e+02
   4.2900000e+01  -6.0935069e+02   1.5403074e+02  -2.5579730e+02
   4.3000000e+01  -6.0936904e+02   1.5402378e+02  -2.5581565e+02
   4.3100000e+01  -6.0935610e+02   1.5402868e+02  -2.5580271e+02
   4.3200000e+01  -6.0931174e+02   1.5404549e+02  -2.5575835e+02
   4.3300000e+01  -6.0923583e+02   1.5407426e+02  -2.5568244e+02
   4.3400000e+01  -6.0912823e+02   1.5411503e+02  -2.5557484e+02
   4.3500000e+01  -6.0898882e+02   1.5416786e+02  -2.5543543e+02
   4.3600000e+01  -6.0881748e+02   1.5423279e+02  -2.5526409e+02
   4.3700000e+01  -6.0861409e+02   1.5430986e+02  -2.5506070e+02
   4.3800000e+01  -6.0837853e+02   1.5439912e+02  -2.5482513e+02
   4.3900000e+01  -6.0811068e+02   1.5450062e+02  -2.5455729e+02
   4.4000000e+01  -6.0781045e+02   1.5461439e+02  -2.5425706e+02
   4.4100000e+01  -6.0747772e+02   1.5474047e+02  -2.5392433e+02
   4.4200000e+01  -6.0711239e+02   1.5487891e+02  -2.5355900e+02
   4.4300000e+01  -6.0671436e+02   1.5502974e+02  -2.5316097e+02
   4.4400000e+01  -6.0628353e+02   1.5519300e+02  -2.5273014e+02
   4.4500000e+01  -6.0581981e+02   1.5536872e+02  -2.5226641e+02
   4.4600000e+01  -6.0532310e+02   1.5555694e+02  -2.5176971e+02
   4.4700000e+01  -6.0479333e+02   1.5575769e+02  -2.5123994e+02
   4.4800000e+01  -6.0423041e+02   1.5597100e+02  -2.5067702e+02
   4.4900000e+01  -6.0363425e+02   1.5619691e+02  -2.5008086e+02
   4.5000000e+01  -6.0300479e+02   1.5643543e+02  -2.4945140e+02
   4.5100000e+01  -6.0234194e+02   1.5668661e+02  -2.4878855e+02
   4.5200000e+01  -6.0164564e+02   1.5695047e+02  -2.4809225e+02
   4.5300000e+01  -6.0091582e+02   1.5722702e+02  -2.4736243e+02
   4.5400000e+01  -6.0015241e+02   1.5751631e+02  -2.4659902e+02
   4.5500000e+01  -5.9935536e+02   1.5781834e+02  -2.4580197e+02
   4.5600000e+01  -5.9852461e+02   1.5813314e+02  -2.4497122e+02
   4.5700000e+01  -5.9766011e+02   1.5846073e+02  -2.4410672e+02
   4.5800000e+01  -5.9676180e+02   1.5880114e+02  -2.4320841e+02
   4.5900000e+01  -5.9582964e+02   1.5915437e+02  -2.4227625e+02
   4.6000000e+01  -5.9486358e+02   1.5952044e+02  -2.4131019e+02
   4.6100000e+01  -5.9386359e+02   1.5989938e+02  -2.4031020e+02
   4.6200000e+01  -5.9282963e+02   1.6029118e+02  -2.3927623e+02
   4.6300000e+01  -5.9176166e+02   1.6069588e+02  -2.3820827e+02
   4.6400000e+01  -5.9065966e+02   1.6111347e+02  -2.3710627e+02
   4.6500000e+01  -5.8952359e+02   1.6154396e+02  -2.3597020e+02
   4.6600000e+01  -5.8835345e+02   1.6198738e+02  -2.3480006e+02
   4.6700000e+01  -5.8714920e+02   1.6244371e+02  -2.3359581e+02
   4.6800000e+01  -5.8591083e+02   1.6291298e+02  -2.3235744e+02
   4.6900000e+01  -5.8463832e+02   1.6339517e+02  -2.3108493e+02
   4.7000000e+01  -5.8333168e+02   1.6389031e+02  -2.2977829e+02
   4.7100000e+01  -5.8199089e+02   1.6439839e+02  -2.2843750e+02
   4.7200000e+01  -5.8061595e+02   1.6491940e+02  -2.2706255e+02
   4.7300000e+01  -5.7920685e+02   1.6545336e+02  -2.2565346e+02
   4.7400000e+01  -5.7776362e+02   1.6600026e+02  -2.2421023e+02
   4.7500000e+01  -5.7628624e+02   1.6656009e+02  -2.2273285e+02
   4.7600000e+01  -5.7477474e+02   1.6713285e+02  -2.2122135e+02
   4.7700000e+01  -5.7322913e+02   1.6771854e+02  -2.1967574e+02
   4.7800000e+01  -5.7164943e+02   1.6831715e+02  -2.1809604e+02
   4.7900000e+01  -5.7003565e+02   1.6892867e+02  -2.1648226e+02
   4.8000000e+01  -5.6838782e+02   1.6955310e+02  -2.1483443e+02
   4.8100000e+01  -5.6670598e+02   1.7019041e+02  -2.1315259e+02
   4.8200000e+01  -5.6499015e+02   1.7084060e+02  -2.1143676e+02
   4.8300000e+01  -5.6324036e+02   1.7150366e+02  -2.0968697e+02
   4.8400000e+01  -5.6145666e+02   1.7217957e+02  -2.0790327e+02
   4.8500000e+01  -5.5963909e+02   1.7286832e+02  -2.0608570e+02
   4.8600000e+01  -5.5778769e+02   1.7356988e+02  -2.0423430e+02
   4.8700000e+01  -5.5590251e+02   1.7428425e+02  -2.0234912e+02
   4.8800000e+01  -5.5398360e+02   1.7501139e+02  -2.0043021e+02
   4.8900000e+01  -5.5203103e+02   1.7575130e+02  -1.9847764e+02
   4.9000000e+01  -5.5004484e+02   1.7650394e+02  -1.9649144e+02
   4.9100000e+01  -5.4802509e+02   1.7726930e+02  -1.9447170e+02
   4.9200000e+01  -5.4597187e+02   1.7804734e+02  -1.9241848e+02
   4.9300000e+01  -5.4388522e+02   1.7883805e+02  -1.9033183e+02
   4.9400000e+01  -5.4176523e+02   1.7964139e+02  -1.8821184e+02
   4.9500000e+01  -5.3961197e+02   1.8045734e+02  -1.8605858e+02
   4.9600000e+01  -5.3742552e+02   1.8128587e+02  -1.8387213e+02
   4.9700000e+01  -5.3520596e+02   1.8212694e+02  -1.8165257e+02
   4.9800000e+01  -5.3295338e+02   1.8298053e+02  -1.7939999e+02
   4.9900000e+01  -5.3066786e+02   1.8384660e+02  -1.7711447e+02
   5.0000000e+01  -5.2834950e+02   1.8472511e+02  -1.7479611e+02
